service_id,date,exception_type
1,20240925,1
1,20240926,1
1,20240927,1
1,20240930,1
1,20241001,1
1,20241002,1
1,20241003,1
1,20241004,1
1,20241007,1
1,20241008,1
1,20241009,1
1,20241010,1
1,20241011,1
1,20241014,1
1,20241015,1
1,20241016,1
1,20241017,1
1,20241018,1
1,20241021,1
1,20241022,1
1,20241023,1
1,20241024,1
1,20241025,1
1,20241028,1
1,20241029,1
1,20241030,1
1,20241031,1
1,20241101,1
1,20241104,1
1,20241105,1
1,20241106,1
1,20241107,1
1,20241108,1
1,20241111,1
1,20241112,1
1,20241113,1
1,20241114,1
1,20241115,1
1,20241118,1
1,20241119,1
1,20241120,1
1,20241121,1
1,20241122,1
1,20241125,1
1,20241126,1
1,20241127,1
1,20241128,1
1,20241129,1
1,20241202,1
1,20241203,1
1,20241204,1
1,20241205,1
1,20241206,1
1,20241209,1
1,20241210,1
1,20241211,1
1,20241212,1
1,20241213,1
2,20240928,1
2,20240929,1
2,20241005,1
2,20241006,1
2,20241012,1
2,20241013,1
2,20241019,1
2,20241020,1
2,20241026,1
2,20241027,1
2,20241102,1
2,20241103,1
2,20241109,1
2,20241110,1
2,20241116,1
2,20241117,1
2,20241123,1
2,20241124,1
2,20241130,1
2,20241201,1
2,20241207,1
2,20241208,1
2,20241214,1
3,20240928,1
3,20241005,1
3,20241012,1
3,20241019,1
3,20241026,1
3,20241109,1
3,20241116,1
3,20241123,1
3,20241130,1
3,20241207,1
3,20241214,1
4,20240929,1
4,20241006,1
4,20241013,1
4,20241020,1
4,20241027,1
4,20241102,1
4,20241103,1
4,20241110,1
4,20241117,1
4,20241124,1
4,20241201,1
4,20241208,1
5,20240925,1
5,20240926,1
5,20240930,1
5,20241001,1
5,20241002,1
5,20241003,1
5,20241007,1
5,20241008,1
5,20241009,1
5,20241010,1
5,20241014,1
5,20241015,1
5,20241016,1
5,20241017,1
5,20241021,1
5,20241022,1
5,20241023,1
5,20241024,1
5,20241028,1
5,20241029,1
5,20241030,1
5,20241031,1
5,20241104,1
5,20241105,1
5,20241106,1
5,20241107,1
5,20241111,1
5,20241112,1
5,20241113,1
5,20241114,1
5,20241118,1
5,20241119,1
5,20241120,1
5,20241121,1
5,20241125,1
5,20241126,1
5,20241127,1
5,20241128,1
5,20241202,1
5,20241203,1
5,20241204,1
5,20241205,1
5,20241209,1
5,20241210,1
5,20241211,1
5,20241212,1
6,20240927,1
6,20240928,1
6,20241004,1
6,20241005,1
6,20241011,1
6,20241012,1
6,20241018,1
6,20241019,1
6,20241025,1
6,20241026,1
6,20241101,1
6,20241102,1
6,20241108,1
6,20241109,1
6,20241115,1
6,20241116,1
6,20241122,1
6,20241123,1
6,20241129,1
6,20241130,1
6,20241206,1
6,20241207,1
6,20241213,1
6,20241214,1
7,20240929,1
7,20241006,1
7,20241013,1
7,20241020,1
7,20241027,1
7,20241103,1
7,20241110,1
7,20241117,1
7,20241124,1
7,20241201,1
7,20241208,1
8,20240925,1
8,20240926,1
8,20240927,1
8,20240929,1
8,20240930,1
8,20241001,1
8,20241002,1
8,20241003,1
8,20241004,1
8,20241006,1
8,20241007,1
8,20241008,1
8,20241009,1
8,20241010,1
8,20241011,1
8,20241013,1
8,20241014,1
8,20241015,1
8,20241016,1
8,20241017,1
8,20241018,1
8,20241020,1
8,20241021,1
8,20241022,1
8,20241023,1
8,20241024,1
8,20241025,1
8,20241027,1
8,20241028,1
8,20241029,1
8,20241030,1
8,20241031,1
8,20241101,1
8,20241102,1
8,20241103,1
8,20241104,1
8,20241105,1
8,20241106,1
8,20241107,1
8,20241108,1
8,20241110,1
8,20241111,1
8,20241112,1
8,20241113,1
8,20241114,1
8,20241115,1
8,20241117,1
8,20241118,1
8,20241119,1
8,20241120,1
8,20241121,1
8,20241122,1
8,20241124,1
8,20241125,1
8,20241126,1
8,20241127,1
8,20241128,1
8,20241129,1
8,20241201,1
8,20241202,1
8,20241203,1
8,20241204,1
8,20241205,1
8,20241206,1
8,20241208,1
8,20241209,1
8,20241210,1
8,20241211,1
8,20241212,1
8,20241213,1
9,20240925,1
9,20240926,1
9,20240927,1
9,20240930,1
9,20241001,1
9,20241002,1
9,20241003,1
9,20241004,1
9,20241007,1
9,20241008,1
9,20241009,1
9,20241010,1
9,20241011,1
9,20241014,1
9,20241015,1
9,20241016,1
9,20241017,1
9,20241018,1
9,20241021,1
9,20241022,1
9,20241023,1
9,20241024,1
9,20241025,1
9,20241028,1
9,20241029,1
9,20241030,1
9,20241031,1
9,20241101,1
9,20241104,1
9,20241105,1
9,20241106,1
9,20241107,1
9,20241108,1
9,20241111,1
9,20241112,1
9,20241113,1
9,20241114,1
9,20241115,1
9,20241118,1
9,20241119,1
9,20241120,1
9,20241121,1
9,20241122,1
9,20241125,1
9,20241126,1
10,20240928,1
10,20240929,1
10,20241005,1
10,20241006,1
10,20241012,1
10,20241013,1
10,20241019,1
10,20241020,1
10,20241026,1
10,20241102,1
10,20241103,1
10,20241109,1
10,20241110,1
10,20241116,1
10,20241117,1
10,20241123,1
10,20241124,1
11,20240925,1
11,20240926,1
11,20240927,1
11,20240928,1
11,20240930,1
11,20241001,1
11,20241002,1
11,20241003,1
11,20241004,1
11,20241005,1
11,20241007,1
11,20241008,1
11,20241009,1
11,20241010,1
11,20241011,1
11,20241012,1
11,20241014,1
11,20241015,1
11,20241016,1
11,20241017,1
11,20241018,1
11,20241019,1
11,20241021,1
11,20241022,1
11,20241023,1
11,20241024,1
11,20241025,1
11,20241026,1
11,20241028,1
11,20241029,1
11,20241030,1
11,20241031,1
11,20241101,1
11,20241102,1
11,20241104,1
11,20241105,1
11,20241106,1
11,20241107,1
11,20241108,1
11,20241109,1
11,20241111,1
11,20241112,1
11,20241113,1
11,20241114,1
11,20241115,1
11,20241116,1
11,20241118,1
11,20241119,1
11,20241120,1
11,20241121,1
11,20241122,1
11,20241123,1
11,20241125,1
11,20241126,1
12,20240925,1
12,20240926,1
12,20240927,1
12,20240928,1
12,20240929,1
12,20240930,1
12,20241001,1
12,20241002,1
12,20241003,1
12,20241004,1
12,20241005,1
12,20241006,1
12,20241007,1
12,20241008,1
12,20241009,1
12,20241010,1
12,20241011,1
12,20241012,1
12,20241013,1
12,20241014,1
12,20241015,1
12,20241016,1
12,20241017,1
12,20241018,1
12,20241019,1
12,20241020,1
12,20241021,1
12,20241022,1
12,20241023,1
12,20241024,1
12,20241025,1
12,20241026,1
12,20241027,1
12,20241028,1
12,20241029,1
12,20241030,1
12,20241031,1
12,20241101,1
12,20241102,1
12,20241103,1
12,20241104,1
12,20241105,1
12,20241106,1
12,20241107,1
12,20241108,1
12,20241109,1
12,20241110,1
12,20241111,1
12,20241112,1
12,20241113,1
12,20241114,1
12,20241115,1
12,20241116,1
12,20241117,1
12,20241118,1
12,20241119,1
12,20241120,1
12,20241121,1
12,20241122,1
12,20241123,1
12,20241124,1
12,20241125,1
12,20241126,1
13,20240927,1
13,20240928,1
13,20240929,1
13,20240930,1
13,20241001,1
13,20241002,1
13,20241003,1
13,20241004,1
13,20241005,1
13,20241006,1
13,20241007,1
13,20241008,1
13,20241009,1
13,20241010,1
13,20241011,1
13,20241012,1
13,20241013,1
13,20241014,1
13,20241015,1
13,20241016,1
13,20241017,1
13,20241018,1
13,20241019,1
13,20241020,1
13,20241021,1
13,20241022,1
13,20241023,1
13,20241024,1
13,20241025,1
13,20241026,1
13,20241027,1
13,20241028,1
13,20241029,1
13,20241030,1
13,20241031,1
13,20241101,1
13,20241102,1
13,20241103,1
13,20241104,1
13,20241105,1
13,20241106,1
13,20241107,1
13,20241108,1
13,20241109,1
13,20241110,1
13,20241111,1
13,20241112,1
13,20241113,1
13,20241114,1
13,20241115,1
13,20241116,1
13,20241117,1
13,20241118,1
13,20241119,1
13,20241120,1
13,20241121,1
13,20241122,1
13,20241123,1
13,20241124,1
13,20241125,1
13,20241126,1
14,20240927,1
14,20240928,1
14,20241004,1
14,20241005,1
14,20241011,1
14,20241012,1
14,20241018,1
14,20241019,1
14,20241025,1
14,20241101,1
14,20241102,1
14,20241108,1
14,20241109,1
14,20241115,1
14,20241116,1
14,20241122,1
14,20241123,1
15,20241005,1
15,20241006,1
15,20241012,1
15,20241013,1
15,20241019,1
15,20241020,1
15,20241026,1
15,20241102,1
15,20241103,1
15,20241109,1
15,20241110,1
15,20241116,1
15,20241117,1
15,20241123,1
15,20241124,1
16,20241006,1
16,20241013,1
16,20241020,1
16,20241103,1
16,20241110,1
16,20241117,1
16,20241124,1
17,20240929,1
17,20241006,1
17,20241013,1
17,20241020,1
17,20241027,1
17,20241103,1
17,20241110,1
17,20241117,1
17,20241124,1
18,20240928,1
18,20240929,1
18,20241005,1
18,20241006,1
18,20241012,1
18,20241013,1
18,20241019,1
18,20241020,1
18,20241026,1
18,20241027,1
18,20241102,1
18,20241103,1
18,20241109,1
18,20241110,1
18,20241116,1
18,20241117,1
18,20241123,1
18,20241124,1
19,20240929,1
19,20241020,1
19,20241021,1
19,20241022,1
19,20241023,1
19,20241024,1
19,20241027,1
19,20241028,1
19,20241029,1
19,20241030,1
19,20241031,1
19,20241103,1
19,20241104,1
19,20241105,1
19,20241106,1
19,20241107,1
19,20241110,1
19,20241111,1
19,20241112,1
19,20241113,1
19,20241114,1
19,20241117,1
19,20241118,1
19,20241119,1
19,20241120,1
19,20241121,1
19,20241124,1
19,20241125,1
19,20241126,1
20,20241005,1
20,20241012,1
20,20241019,1
20,20241026,1
20,20241102,1
20,20241109,1
20,20241116,1
20,20241123,1
21,20240929,1
21,20240930,1
21,20241001,1
21,20241002,1
21,20241003,1
21,20241020,1
21,20241021,1
21,20241022,1
21,20241023,1
21,20241024,1
21,20241027,1
21,20241028,1
21,20241029,1
21,20241030,1
21,20241031,1
21,20241103,1
21,20241104,1
21,20241105,1
21,20241106,1
21,20241107,1
21,20241110,1
21,20241111,1
21,20241112,1
21,20241113,1
21,20241114,1
21,20241117,1
21,20241118,1
21,20241119,1
21,20241120,1
21,20241121,1
21,20241124,1
21,20241125,1
21,20241126,1
22,20240925,1
22,20240926,1
22,20240927,1
22,20240930,1
22,20241001,1
22,20241002,1
22,20241003,1
22,20241004,1
22,20241021,1
22,20241022,1
22,20241023,1
22,20241024,1
22,20241025,1
22,20241028,1
22,20241029,1
22,20241030,1
22,20241031,1
22,20241101,1
22,20241104,1
22,20241105,1
22,20241106,1
22,20241107,1
22,20241108,1
22,20241111,1
22,20241112,1
22,20241113,1
22,20241114,1
22,20241115,1
22,20241118,1
22,20241119,1
22,20241120,1
22,20241121,1
22,20241122,1
22,20241125,1
22,20241126,1
23,20240927,1
23,20240928,1
23,20240929,1
23,20240930,1
23,20241001,1
23,20241002,1
23,20241003,1
23,20241004,1
23,20241005,1
23,20241006,1
23,20241007,1
23,20241008,1
23,20241009,1
23,20241010,1
23,20241011,1
23,20241012,1
23,20241018,1
23,20241019,1
23,20241020,1
23,20241021,1
23,20241022,1
23,20241023,1
23,20241024,1
23,20241025,1
23,20241026,1
23,20241027,1
23,20241028,1
23,20241029,1
23,20241030,1
23,20241031,1
23,20241101,1
23,20241102,1
23,20241103,1
23,20241104,1
23,20241105,1
23,20241106,1
23,20241107,1
23,20241108,1
23,20241109,1
23,20241110,1
23,20241111,1
23,20241112,1
23,20241113,1
23,20241114,1
23,20241115,1
23,20241116,1
23,20241117,1
23,20241118,1
23,20241119,1
23,20241120,1
23,20241121,1
23,20241122,1
23,20241123,1
23,20241124,1
23,20241125,1
23,20241126,1
24,20240929,1
25,20240925,1
25,20240926,1
26,20240928,1
27,20241006,1
27,20241007,1
27,20241008,1
27,20241009,1
27,20241010,1
27,20241013,1
27,20241014,1
27,20241015,1
27,20241016,1
27,20241017,1
28,20241026,1
29,20241027,1
30,20241013,1
30,20241014,1
30,20241015,1
30,20241016,1
30,20241017,1
31,20240928,1
31,20240929,1
32,20241006,1
32,20241013,1
33,20241007,1
33,20241008,1
33,20241009,1
33,20241010,1
33,20241011,1
33,20241014,1
33,20241015,1
33,20241016,1
33,20241017,1
33,20241018,1
34,20241007,1
34,20241008,1
34,20241009,1
34,20241010,1
34,20241014,1
34,20241015,1
34,20241016,1
34,20241017,1
35,20240930,1
35,20241001,1
35,20241002,1
35,20241003,1
36,20240930,1
36,20241001,1
36,20241002,1
36,20241003,1
36,20241004,1
36,20241007,1
36,20241008,1
36,20241009,1
36,20241010,1
36,20241011,1
36,20241014,1
36,20241015,1
36,20241016,1
36,20241017,1
36,20241018,1
36,20241021,1
36,20241022,1
36,20241023,1
36,20241024,1
36,20241025,1
36,20241028,1
36,20241029,1
36,20241030,1
36,20241031,1
36,20241101,1
36,20241104,1
36,20241105,1
36,20241106,1
36,20241107,1
36,20241108,1
36,20241111,1
36,20241112,1
36,20241113,1
36,20241114,1
36,20241115,1
36,20241118,1
36,20241119,1
36,20241120,1
36,20241121,1
36,20241122,1
36,20241125,1
36,20241126,1
37,20240925,1
37,20240926,1
37,20240927,1
37,20240928,1
37,20240929,1
37,20240930,1
37,20241001,1
37,20241002,1
37,20241003,1
37,20241004,1
37,20241005,1
37,20241006,1
37,20241007,1
37,20241008,1
37,20241009,1
37,20241010,1
37,20241011,1
37,20241012,1
37,20241013,1
37,20241014,1
37,20241015,1
37,20241016,1
37,20241017,1
37,20241018,1
37,20241019,1
37,20241020,1
37,20241021,1
37,20241022,1
37,20241023,1
37,20241024,1
37,20241025,1
37,20241027,1
37,20241028,1
37,20241029,1
37,20241030,1
37,20241031,1
37,20241101,1
37,20241102,1
37,20241103,1
37,20241104,1
37,20241105,1
37,20241106,1
37,20241107,1
37,20241108,1
37,20241109,1
37,20241110,1
37,20241111,1
37,20241112,1
37,20241113,1
37,20241114,1
37,20241115,1
37,20241116,1
37,20241117,1
37,20241118,1
37,20241119,1
37,20241120,1
37,20241121,1
37,20241122,1
37,20241123,1
37,20241124,1
37,20241125,1
37,20241126,1
38,20240927,1
38,20240928,1
38,20240929,1
38,20241004,1
38,20241005,1
38,20241011,1
38,20241012,1
38,20241018,1
38,20241019,1
38,20241020,1
38,20241025,1
38,20241027,1
38,20241101,1
38,20241102,1
38,20241103,1
38,20241108,1
38,20241109,1
38,20241110,1
38,20241115,1
38,20241116,1
38,20241117,1
38,20241122,1
38,20241123,1
38,20241124,1
39,20241001,1
39,20241002,1
39,20241003,1
39,20241004,1
40,20240925,1
40,20240926,1
40,20240927,1
40,20240930,1
40,20241001,1
40,20241002,1
40,20241003,1
40,20241004,1
40,20241007,1
40,20241008,1
40,20241009,1
40,20241010,1
40,20241011,1
40,20241021,1
40,20241022,1
40,20241023,1
40,20241024,1
40,20241025,1
40,20241028,1
40,20241029,1
40,20241030,1
40,20241031,1
40,20241101,1
40,20241104,1
40,20241105,1
40,20241106,1
40,20241107,1
40,20241108,1
40,20241111,1
40,20241112,1
40,20241113,1
40,20241114,1
40,20241115,1
40,20241118,1
40,20241119,1
40,20241120,1
40,20241121,1
40,20241122,1
40,20241125,1
40,20241126,1
41,20240925,1
41,20240926,1
41,20240930,1
41,20241001,1
41,20241002,1
41,20241003,1
41,20241021,1
41,20241022,1
41,20241023,1
41,20241024,1
41,20241028,1
41,20241029,1
41,20241030,1
41,20241031,1
41,20241104,1
41,20241105,1
41,20241106,1
41,20241107,1
41,20241111,1
41,20241112,1
41,20241113,1
41,20241114,1
41,20241118,1
41,20241119,1
41,20241120,1
41,20241121,1
41,20241125,1
41,20241126,1
42,20240930,1
42,20241001,1
42,20241002,1
42,20241003,1
42,20241021,1
42,20241022,1
42,20241023,1
42,20241024,1
42,20241028,1
42,20241029,1
42,20241030,1
42,20241031,1
42,20241104,1
42,20241105,1
42,20241106,1
42,20241107,1
42,20241111,1
42,20241112,1
42,20241113,1
42,20241114,1
42,20241118,1
42,20241119,1
42,20241120,1
42,20241121,1
42,20241125,1
42,20241126,1
43,20240927,1
43,20241004,1
43,20241011,1
43,20241018,1
43,20241025,1
43,20241101,1
43,20241108,1
43,20241115,1
43,20241122,1
44,20240928,1
44,20241005,1
44,20241012,1
44,20241019,1
44,20241102,1
44,20241109,1
44,20241116,1
44,20241123,1
45,20240930,1
45,20241021,1
45,20241022,1
45,20241023,1
45,20241024,1
45,20241025,1
45,20241028,1
45,20241029,1
45,20241030,1
45,20241031,1
45,20241101,1
45,20241104,1
45,20241105,1
45,20241106,1
45,20241107,1
45,20241108,1
45,20241111,1
45,20241112,1
45,20241113,1
45,20241114,1
45,20241115,1
45,20241118,1
45,20241119,1
45,20241120,1
45,20241121,1
45,20241122,1
45,20241125,1
45,20241126,1
46,20240929,1
46,20241020,1
46,20241027,1
46,20241103,1
46,20241110,1
46,20241117,1
46,20241124,1
47,20240925,1
47,20240926,1
47,20240927,1
48,20240925,1
48,20240926,1
48,20240927,1
48,20240928,1
48,20240929,1
49,20241014,1
49,20241015,1
49,20241016,1
49,20241017,1
49,20241018,1
50,20240925,1
50,20240926,1
50,20240927,1
50,20240930,1
50,20241001,1
50,20241002,1
50,20241003,1
50,20241004,1
50,20241007,1
50,20241009,1
50,20241010,1
50,20241011,1
50,20241014,1
50,20241015,1
50,20241016,1
50,20241017,1
50,20241018,1
50,20241021,1
50,20241022,1
50,20241023,1
50,20241024,1
50,20241025,1
50,20241028,1
50,20241029,1
50,20241030,1
50,20241031,1
50,20241104,1
50,20241105,1
50,20241106,1
50,20241107,1
50,20241108,1
50,20241111,1
50,20241112,1
50,20241113,1
50,20241114,1
50,20241115,1
50,20241118,1
50,20241119,1
50,20241120,1
50,20241121,1
50,20241122,1
50,20241125,1
50,20241126,1
51,20241005,1
51,20241006,1
51,20241012,1
51,20241013,1
51,20241019,1
51,20241020,1
51,20241026,1
51,20241027,1
51,20241109,1
51,20241110,1
51,20241116,1
51,20241117,1
51,20241123,1
51,20241124,1
52,20240925,1
52,20240926,1
52,20240927,1
52,20240930,1
52,20241001,1
52,20241002,1
52,20241003,1
52,20241004,1
52,20241007,1
52,20241008,1
52,20241009,1
52,20241010,1
52,20241011,1
52,20241014,1
52,20241015,1
52,20241016,1
52,20241017,1
52,20241018,1
52,20241021,1
52,20241022,1
52,20241023,1
52,20241024,1
52,20241025,1
52,20241028,1
52,20241029,1
52,20241030,1
52,20241031,1
52,20241104,1
52,20241105,1
52,20241106,1
52,20241107,1
52,20241108,1
52,20241111,1
52,20241112,1
52,20241113,1
52,20241114,1
52,20241115,1
52,20241118,1
52,20241119,1
52,20241120,1
52,20241121,1
52,20241122,1
52,20241125,1
52,20241126,1
53,20240928,1
53,20240929,1
53,20241005,1
53,20241012,1
53,20241013,1
53,20241019,1
53,20241020,1
53,20241026,1
53,20241027,1
53,20241109,1
53,20241110,1
53,20241116,1
53,20241117,1
53,20241123,1
53,20241124,1
54,20240928,1
54,20240929,1
54,20241005,1
54,20241006,1
54,20241012,1
54,20241013,1
54,20241019,1
54,20241020,1
54,20241026,1
54,20241027,1
54,20241109,1
54,20241110,1
54,20241116,1
54,20241117,1
54,20241123,1
54,20241124,1
55,20240930,1
55,20241007,1
55,20241014,1
55,20241021,1
55,20241028,1
55,20241104,1
55,20241111,1
55,20241118,1
55,20241125,1
56,20240925,1
56,20240926,1
56,20240927,1
56,20240928,1
56,20240929,1
56,20240930,1
56,20241001,1
56,20241002,1
56,20241003,1
56,20241004,1
56,20241005,1
56,20241006,1
56,20241007,1
56,20241008,1
56,20241009,1
56,20241010,1
56,20241011,1
56,20241012,1
56,20241013,1
56,20241014,1
56,20241015,1
56,20241016,1
56,20241017,1
56,20241018,1
56,20241019,1
56,20241020,1
56,20241021,1
56,20241022,1
56,20241023,1
56,20241024,1
56,20241025,1
56,20241026,1
56,20241027,1
56,20241028,1
56,20241029,1
56,20241030,1
56,20241031,1
56,20241104,1
56,20241105,1
56,20241106,1
56,20241107,1
56,20241108,1
56,20241109,1
56,20241110,1
56,20241111,1
56,20241112,1
56,20241113,1
56,20241114,1
56,20241115,1
56,20241116,1
56,20241117,1
56,20241118,1
56,20241119,1
56,20241120,1
56,20241121,1
56,20241122,1
56,20241123,1
56,20241124,1
56,20241125,1
56,20241126,1
57,20240925,1
57,20240926,1
57,20240927,1
57,20240928,1
57,20240929,1
57,20240930,1
57,20241001,1
57,20241002,1
57,20241003,1
57,20241004,1
57,20241005,1
57,20241006,1
57,20241008,1
57,20241009,1
57,20241010,1
57,20241011,1
57,20241012,1
57,20241013,1
57,20241014,1
57,20241015,1
57,20241016,1
57,20241017,1
57,20241018,1
57,20241019,1
57,20241020,1
57,20241021,1
57,20241022,1
57,20241023,1
57,20241024,1
57,20241025,1
57,20241026,1
57,20241027,1
57,20241028,1
57,20241029,1
57,20241030,1
57,20241031,1
57,20241104,1
57,20241105,1
57,20241106,1
57,20241107,1
57,20241108,1
57,20241109,1
57,20241110,1
57,20241111,1
57,20241112,1
57,20241113,1
57,20241114,1
57,20241115,1
57,20241116,1
57,20241117,1
57,20241118,1
57,20241119,1
57,20241120,1
57,20241121,1
57,20241122,1
57,20241123,1
57,20241124,1
57,20241125,1
57,20241126,1
58,20241001,1
58,20241002,1
58,20241003,1
58,20241008,1
58,20241009,1
58,20241010,1
58,20241015,1
58,20241016,1
58,20241017,1
58,20241022,1
58,20241023,1
58,20241024,1
58,20241029,1
58,20241030,1
58,20241031,1
58,20241105,1
58,20241106,1
58,20241107,1
58,20241112,1
58,20241113,1
58,20241114,1
58,20241119,1
58,20241120,1
58,20241121,1
58,20241126,1
59,20240925,1
59,20240926,1
59,20240927,1
59,20241001,1
59,20241002,1
59,20241003,1
59,20241004,1
59,20241008,1
59,20241009,1
59,20241010,1
59,20241011,1
59,20241015,1
59,20241016,1
59,20241017,1
59,20241018,1
59,20241022,1
59,20241023,1
59,20241024,1
59,20241025,1
59,20241029,1
59,20241030,1
59,20241031,1
59,20241105,1
59,20241106,1
59,20241107,1
59,20241108,1
59,20241112,1
59,20241113,1
59,20241114,1
59,20241115,1
59,20241119,1
59,20241120,1
59,20241121,1
59,20241122,1
59,20241126,1
60,20240927,1
60,20240928,1
60,20241004,1
60,20241005,1
60,20241011,1
60,20241012,1
60,20241018,1
60,20241019,1
60,20241025,1
60,20241026,1
60,20241108,1
60,20241109,1
60,20241115,1
60,20241116,1
60,20241122,1
60,20241123,1
61,20241005,1
61,20241012,1
61,20241013,1
61,20241019,1
61,20241020,1
61,20241026,1
61,20241027,1
61,20241109,1
61,20241110,1
61,20241116,1
61,20241117,1
61,20241123,1
61,20241124,1
62,20240929,1
62,20241006,1
62,20241013,1
62,20241020,1
62,20241027,1
62,20241110,1
62,20241117,1
62,20241124,1
63,20240930,1
63,20241014,1
63,20241021,1
63,20241028,1
63,20241104,1
63,20241111,1
63,20241118,1
63,20241125,1
64,20240927,1
64,20240928,1
64,20240929,1
64,20240930,1
64,20241001,1
64,20241002,1
64,20241003,1
64,20241004,1
64,20241005,1
64,20241011,1
64,20241012,1
64,20241013,1
64,20241014,1
64,20241015,1
64,20241016,1
64,20241017,1
64,20241018,1
64,20241019,1
64,20241022,1
64,20241023,1
64,20241024,1
64,20241025,1
64,20241026,1
64,20241027,1
64,20241028,1
64,20241029,1
64,20241030,1
64,20241031,1
64,20241104,1
64,20241105,1
64,20241106,1
64,20241107,1
64,20241108,1
64,20241109,1
64,20241110,1
64,20241111,1
64,20241112,1
64,20241113,1
64,20241114,1
64,20241115,1
64,20241116,1
64,20241117,1
64,20241118,1
64,20241119,1
64,20241120,1
64,20241121,1
64,20241122,1
64,20241123,1
64,20241124,1
64,20241125,1
64,20241126,1
65,20240928,1
65,20241005,1
65,20241012,1
65,20241019,1
65,20241026,1
65,20241109,1
65,20241116,1
65,20241123,1
66,20241101,1
67,20241008,1
68,20241006,1
68,20241007,1
69,20241007,1
70,20241101,1
70,20241102,1
71,20241101,1
71,20241102,1
71,20241103,1
72,20241102,1
72,20241103,1
73,20241103,1
74,20241006,1
75,20241008,1
75,20241009,1
75,20241010,1
76,20241020,1
76,20241021,1
77,20241102,1
78,20241006,1
78,20241013,1
78,20241020,1
78,20241027,1
78,20241110,1
78,20241117,1
78,20241124,1
79,20241005,1
79,20241012,1
79,20241019,1
79,20241026,1
79,20241109,1
79,20241116,1
79,20241123,1
80,20240925,1
80,20240926,1
80,20240927,1
80,20240928,1
80,20240930,1
80,20241001,1
80,20241002,1
80,20241003,1
80,20241004,1
80,20241005,1
80,20241007,1
80,20241008,1
80,20241009,1
80,20241010,1
80,20241011,1
80,20241012,1
80,20241014,1
80,20241015,1
80,20241016,1
80,20241017,1
80,20241018,1
80,20241019,1
80,20241021,1
80,20241022,1
80,20241023,1
80,20241024,1
80,20241025,1
80,20241026,1
80,20241028,1
80,20241029,1
80,20241030,1
80,20241031,1
80,20241104,1
80,20241105,1
80,20241106,1
80,20241107,1
80,20241108,1
80,20241109,1
80,20241111,1
80,20241112,1
80,20241113,1
80,20241114,1
80,20241115,1
80,20241116,1
80,20241118,1
80,20241119,1
80,20241120,1
80,20241121,1
80,20241122,1
80,20241123,1
80,20241125,1
80,20241126,1
81,20241012,1
81,20241019,1
81,20241026,1
81,20241109,1
81,20241116,1
81,20241123,1
82,20240925,1
82,20240926,1
82,20240927,1
82,20240930,1
82,20241001,1
82,20241002,1
82,20241003,1
82,20241004,1
82,20241007,1
82,20241008,1
82,20241009,1
82,20241010,1
82,20241011,1
82,20241014,1
82,20241015,1
82,20241016,1
82,20241017,1
82,20241018,1
82,20241021,1
82,20241022,1
82,20241023,1
82,20241024,1
82,20241025,1
82,20241028,1
82,20241029,1
82,20241030,1
82,20241031,1
82,20241104,1
82,20241105,1
82,20241106,1
82,20241107,1
82,20241108,1
82,20241111,1
82,20241112,1
82,20241113,1
82,20241114,1
82,20241115,1
82,20241118,1
82,20241119,1
82,20241121,1
82,20241122,1
82,20241125,1
82,20241126,1
83,20240925,1
83,20240926,1
83,20240927,1
83,20240930,1
83,20241001,1
83,20241002,1
83,20241003,1
83,20241004,1
83,20241008,1
83,20241009,1
83,20241010,1
83,20241011,1
83,20241014,1
83,20241015,1
83,20241016,1
83,20241017,1
83,20241018,1
83,20241021,1
83,20241022,1
83,20241023,1
83,20241024,1
83,20241025,1
83,20241028,1
83,20241029,1
83,20241030,1
83,20241031,1
83,20241104,1
83,20241105,1
83,20241106,1
83,20241107,1
83,20241108,1
83,20241111,1
83,20241112,1
83,20241113,1
83,20241114,1
83,20241115,1
83,20241118,1
83,20241119,1
83,20241120,1
83,20241121,1
83,20241122,1
83,20241125,1
83,20241126,1
84,20240930,1
84,20241001,1
84,20241002,1
84,20241003,1
84,20241004,1
84,20241007,1
84,20241009,1
84,20241010,1
84,20241011,1
84,20241014,1
84,20241015,1
84,20241016,1
84,20241017,1
84,20241018,1
84,20241021,1
84,20241022,1
84,20241023,1
84,20241024,1
84,20241025,1
84,20241028,1
84,20241029,1
84,20241030,1
84,20241031,1
84,20241104,1
84,20241105,1
84,20241106,1
84,20241107,1
84,20241108,1
84,20241111,1
84,20241112,1
84,20241113,1
84,20241114,1
84,20241115,1
84,20241118,1
84,20241119,1
84,20241120,1
84,20241121,1
84,20241122,1
84,20241125,1
84,20241126,1
85,20240927,1
85,20240928,1
85,20240929,1
85,20240930,1
85,20241001,1
85,20241002,1
85,20241003,1
85,20241004,1
85,20241005,1
85,20241011,1
85,20241012,1
85,20241013,1
85,20241014,1
85,20241015,1
85,20241016,1
85,20241017,1
85,20241018,1
85,20241019,1
85,20241020,1
85,20241021,1
85,20241022,1
85,20241023,1
85,20241024,1
85,20241025,1
85,20241026,1
85,20241027,1
85,20241028,1
85,20241029,1
85,20241030,1
85,20241031,1
85,20241104,1
85,20241105,1
85,20241106,1
85,20241107,1
85,20241108,1
85,20241109,1
85,20241110,1
85,20241111,1
85,20241112,1
85,20241113,1
85,20241114,1
85,20241115,1
85,20241116,1
85,20241117,1
85,20241118,1
85,20241119,1
85,20241120,1
85,20241121,1
85,20241122,1
85,20241123,1
85,20241124,1
85,20241125,1
85,20241126,1
86,20241005,1
87,20240927,1
87,20240928,1
87,20240929,1
87,20240930,1
87,20241001,1
87,20241002,1
87,20241003,1
87,20241004,1
87,20241005,1
87,20241006,1
87,20241008,1
87,20241009,1
87,20241010,1
87,20241011,1
87,20241012,1
87,20241013,1
87,20241014,1
87,20241015,1
87,20241016,1
87,20241017,1
87,20241018,1
87,20241019,1
87,20241020,1
87,20241021,1
87,20241022,1
87,20241023,1
87,20241024,1
87,20241025,1
87,20241026,1
87,20241027,1
87,20241028,1
87,20241029,1
87,20241030,1
87,20241031,1
87,20241104,1
87,20241105,1
87,20241106,1
87,20241107,1
87,20241108,1
87,20241109,1
87,20241110,1
87,20241111,1
87,20241112,1
87,20241113,1
87,20241114,1
87,20241115,1
87,20241116,1
87,20241117,1
87,20241118,1
87,20241119,1
87,20241120,1
87,20241121,1
87,20241122,1
87,20241123,1
87,20241124,1
87,20241125,1
87,20241126,1
88,20241007,1
88,20241008,1
88,20241009,1
88,20241010,1
89,20241120,1
90,20240927,1
90,20241004,1
90,20241011,1
90,20241018,1
90,20241025,1
90,20241101,1
90,20241108,1
90,20241115,1
90,20241122,1
90,20241129,1
90,20241206,1
90,20241213,1
91,20240928,1
91,20241005,1
91,20241012,1
91,20241019,1
91,20241026,1
91,20241102,1
91,20241109,1
91,20241116,1
91,20241123,1
91,20241130,1
91,20241207,1
91,20241214,1
92,20240925,1
92,20240926,1
92,20240930,1
92,20241001,1
92,20241002,1
92,20241003,1
92,20241004,1
92,20241007,1
92,20241008,1
92,20241009,1
92,20241010,1
92,20241011,1
92,20241014,1
92,20241015,1
92,20241016,1
92,20241017,1
92,20241018,1
92,20241021,1
92,20241022,1
92,20241023,1
92,20241024,1
92,20241025,1
92,20241104,1
92,20241105,1
92,20241106,1
92,20241107,1
92,20241108,1
92,20241111,1
92,20241112,1
92,20241113,1
92,20241114,1
92,20241115,1
92,20241118,1
92,20241119,1
92,20241120,1
92,20241121,1
92,20241122,1
92,20241125,1
92,20241126,1
92,20241127,1
92,20241128,1
92,20241129,1
92,20241202,1
92,20241203,1
92,20241204,1
92,20241205,1
92,20241206,1
92,20241209,1
92,20241210,1
92,20241211,1
92,20241212,1
92,20241213,1
93,20240925,1
93,20240926,1
93,20240929,1
93,20240930,1
93,20241001,1
93,20241002,1
93,20241003,1
93,20241006,1
93,20241007,1
93,20241008,1
93,20241009,1
93,20241010,1
93,20241013,1
93,20241014,1
93,20241015,1
93,20241016,1
93,20241017,1
93,20241020,1
93,20241021,1
93,20241022,1
93,20241023,1
93,20241024,1
93,20241027,1
93,20241028,1
93,20241029,1
93,20241030,1
93,20241031,1
93,20241103,1
93,20241104,1
93,20241105,1
93,20241106,1
93,20241107,1
93,20241110,1
93,20241111,1
93,20241112,1
93,20241113,1
93,20241114,1
93,20241117,1
93,20241118,1
93,20241119,1
93,20241120,1
93,20241121,1
93,20241124,1
93,20241125,1
93,20241126,1
93,20241127,1
93,20241128,1
93,20241201,1
93,20241202,1
93,20241203,1
93,20241204,1
93,20241205,1
93,20241208,1
93,20241209,1
93,20241210,1
93,20241211,1
93,20241212,1
94,20240925,1
94,20240926,1
94,20240927,1
94,20240928,1
94,20240929,1
94,20240930,1
94,20241001,1
94,20241002,1
94,20241003,1
94,20241004,1
94,20241005,1
94,20241006,1
94,20241007,1
94,20241008,1
94,20241009,1
94,20241010,1
94,20241011,1
94,20241012,1
94,20241013,1
94,20241014,1
94,20241015,1
94,20241016,1
94,20241017,1
94,20241018,1
94,20241019,1
94,20241020,1
94,20241021,1
94,20241022,1
94,20241023,1
94,20241024,1
94,20241025,1
94,20241026,1
94,20241027,1
94,20241028,1
94,20241029,1
94,20241030,1
94,20241031,1
94,20241101,1
94,20241102,1
94,20241103,1
94,20241104,1
94,20241105,1
94,20241106,1
94,20241107,1
94,20241108,1
94,20241109,1
94,20241110,1
94,20241111,1
94,20241112,1
94,20241113,1
94,20241114,1
94,20241115,1
94,20241116,1
94,20241117,1
94,20241118,1
94,20241119,1
94,20241120,1
94,20241121,1
94,20241122,1
94,20241123,1
94,20241124,1
94,20241125,1
94,20241126,1
94,20241127,1
94,20241128,1
94,20241129,1
94,20241130,1
94,20241201,1
94,20241202,1
94,20241203,1
94,20241204,1
94,20241205,1
94,20241206,1
94,20241207,1
94,20241208,1
94,20241209,1
94,20241210,1
94,20241211,1
94,20241212,1
94,20241213,1
94,20241214,1
95,20240925,1
95,20240926,1
95,20240930,1
95,20241001,1
95,20241002,1
95,20241003,1
95,20241007,1
95,20241008,1
95,20241009,1
95,20241010,1
95,20241014,1
95,20241015,1
95,20241016,1
95,20241017,1
95,20241021,1
95,20241022,1
95,20241023,1
95,20241024,1
95,20241104,1
95,20241105,1
95,20241106,1
95,20241107,1
95,20241111,1
95,20241112,1
95,20241113,1
95,20241114,1
95,20241118,1
95,20241119,1
95,20241120,1
95,20241121,1
95,20241125,1
95,20241126,1
95,20241127,1
95,20241128,1
95,20241202,1
95,20241203,1
95,20241204,1
95,20241205,1
95,20241209,1
95,20241210,1
95,20241211,1
95,20241212,1
96,20241004,1
96,20241011,1
96,20241018,1
96,20241025,1
96,20241108,1
96,20241115,1
96,20241122,1
96,20241129,1
96,20241206,1
96,20241213,1
97,20240930,1
97,20241007,1
97,20241014,1
97,20241021,1
97,20241104,1
97,20241111,1
97,20241118,1
97,20241125,1
97,20241202,1
97,20241209,1
98,20240925,1
98,20240926,1
98,20241001,1
98,20241002,1
98,20241003,1
98,20241004,1
98,20241008,1
98,20241009,1
98,20241010,1
98,20241011,1
98,20241015,1
98,20241016,1
98,20241017,1
98,20241018,1
98,20241022,1
98,20241023,1
98,20241024,1
98,20241025,1
98,20241105,1
98,20241106,1
98,20241107,1
98,20241108,1
98,20241112,1
98,20241113,1
98,20241114,1
98,20241115,1
98,20241119,1
98,20241120,1
98,20241121,1
98,20241122,1
98,20241126,1
98,20241127,1
98,20241128,1
98,20241129,1
98,20241203,1
98,20241204,1
98,20241205,1
98,20241206,1
98,20241210,1
98,20241211,1
98,20241212,1
98,20241213,1
99,20240927,1
99,20241028,1
99,20241029,1
99,20241030,1
99,20241031,1
99,20241101,1
100,20240925,1
100,20240926,1
100,20240927,1
100,20240928,1
100,20240930,1
100,20241001,1
100,20241002,1
100,20241003,1
100,20241004,1
100,20241005,1
100,20241007,1
100,20241008,1
100,20241009,1
100,20241010,1
100,20241011,1
100,20241012,1
100,20241014,1
100,20241015,1
100,20241016,1
100,20241017,1
100,20241018,1
100,20241019,1
100,20241021,1
100,20241022,1
100,20241023,1
100,20241024,1
100,20241025,1
100,20241026,1
100,20241028,1
100,20241029,1
100,20241030,1
100,20241031,1
100,20241101,1
100,20241104,1
100,20241105,1
100,20241106,1
100,20241107,1
100,20241108,1
100,20241109,1
100,20241111,1
100,20241112,1
100,20241113,1
100,20241114,1
100,20241115,1
100,20241116,1
100,20241118,1
100,20241119,1
100,20241120,1
100,20241121,1
100,20241122,1
100,20241123,1
100,20241125,1
100,20241126,1
100,20241127,1
100,20241128,1
100,20241129,1
100,20241130,1
100,20241202,1
100,20241203,1
100,20241204,1
100,20241205,1
100,20241206,1
100,20241207,1
100,20241209,1
100,20241210,1
100,20241211,1
100,20241212,1
100,20241213,1
100,20241214,1
101,20240926,1
101,20240930,1
101,20241003,1
101,20241004,1
101,20241007,1
101,20241010,1
101,20241011,1
101,20241014,1
101,20241017,1
101,20241018,1
101,20241021,1
101,20241024,1
101,20241025,1
101,20241104,1
101,20241107,1
101,20241108,1
101,20241111,1
101,20241114,1
101,20241115,1
101,20241118,1
101,20241121,1
101,20241122,1
101,20241125,1
101,20241128,1
101,20241129,1
101,20241202,1
101,20241205,1
101,20241206,1
101,20241209,1
101,20241212,1
101,20241213,1
102,20240925,1
102,20241001,1
102,20241002,1
102,20241008,1
102,20241009,1
102,20241015,1
102,20241016,1
102,20241022,1
102,20241023,1
102,20241105,1
102,20241106,1
102,20241112,1
102,20241113,1
102,20241119,1
102,20241120,1
102,20241126,1
102,20241127,1
102,20241203,1
102,20241204,1
102,20241210,1
102,20241211,1
103,20240926,1
103,20241003,1
103,20241004,1
103,20241010,1
103,20241011,1
103,20241017,1
103,20241018,1
103,20241024,1
103,20241025,1
103,20241107,1
103,20241108,1
103,20241114,1
103,20241115,1
103,20241121,1
103,20241122,1
103,20241128,1
103,20241129,1
103,20241205,1
103,20241206,1
103,20241212,1
103,20241213,1
104,20240925,1
104,20240930,1
104,20241002,1
104,20241007,1
104,20241009,1
104,20241014,1
104,20241016,1
104,20241021,1
104,20241023,1
104,20241104,1
104,20241106,1
104,20241111,1
104,20241113,1
104,20241118,1
104,20241120,1
104,20241125,1
104,20241127,1
104,20241202,1
104,20241204,1
104,20241209,1
104,20241211,1
105,20241001,1
105,20241008,1
105,20241015,1
105,20241022,1
105,20241105,1
105,20241112,1
105,20241119,1
105,20241126,1
105,20241203,1
105,20241210,1
106,20241001,1
106,20241003,1
107,20240926,1
107,20241001,1
107,20241003,1
107,20241008,1
107,20241010,1
107,20241015,1
107,20241017,1
107,20241022,1
107,20241024,1
107,20241105,1
107,20241107,1
107,20241112,1
107,20241114,1
107,20241119,1
107,20241121,1
107,20241126,1
107,20241128,1
107,20241203,1
107,20241205,1
107,20241210,1
107,20241212,1
108,20240925,1
108,20240926,1
108,20241001,1
108,20241002,1
108,20241003,1
108,20241008,1
108,20241009,1
108,20241010,1
108,20241015,1
108,20241016,1
108,20241017,1
108,20241022,1
108,20241023,1
108,20241024,1
108,20241105,1
108,20241106,1
108,20241107,1
108,20241112,1
108,20241113,1
108,20241114,1
108,20241119,1
108,20241120,1
108,20241121,1
108,20241126,1
108,20241127,1
108,20241128,1
108,20241203,1
108,20241204,1
108,20241205,1
108,20241210,1
108,20241211,1
108,20241212,1
109,20240926,1
109,20240930,1
109,20241003,1
109,20241007,1
109,20241010,1
109,20241014,1
109,20241017,1
109,20241021,1
109,20241024,1
109,20241104,1
109,20241107,1
109,20241111,1
109,20241114,1
109,20241118,1
109,20241121,1
109,20241125,1
109,20241128,1
109,20241202,1
109,20241205,1
109,20241209,1
109,20241212,1
110,20240926,1
110,20241008,1
110,20241010,1
110,20241015,1
110,20241017,1
110,20241022,1
110,20241024,1
110,20241105,1
110,20241107,1
110,20241112,1
110,20241114,1
110,20241119,1
110,20241121,1
110,20241126,1
110,20241128,1
110,20241203,1
110,20241205,1
110,20241210,1
110,20241212,1
111,20240925,1
111,20241002,1
111,20241009,1
111,20241016,1
111,20241023,1
111,20241106,1
111,20241113,1
111,20241120,1
111,20241127,1
111,20241204,1
111,20241211,1
112,20240925,1
112,20241009,1
112,20241016,1
112,20241023,1
112,20241106,1
112,20241113,1
112,20241120,1
112,20241127,1
112,20241204,1
112,20241211,1
113,20241002,1
114,20240926,1
114,20241003,1
114,20241010,1
114,20241017,1
114,20241024,1
114,20241107,1
114,20241114,1
114,20241121,1
114,20241128,1
114,20241205,1
114,20241212,1
115,20240930,1
115,20241004,1
115,20241007,1
115,20241011,1
115,20241014,1
115,20241018,1
115,20241021,1
115,20241025,1
115,20241104,1
115,20241108,1
115,20241111,1
115,20241115,1
115,20241118,1
115,20241122,1
115,20241125,1
115,20241129,1
115,20241202,1
115,20241206,1
115,20241209,1
115,20241213,1
116,20241008,1
116,20241015,1
116,20241022,1
116,20241105,1
116,20241112,1
116,20241119,1
116,20241126,1
116,20241203,1
116,20241210,1
117,20241001,1
118,20240925,1
118,20240926,1
118,20240930,1
118,20241002,1
118,20241003,1
118,20241004,1
118,20241007,1
118,20241009,1
118,20241010,1
118,20241011,1
118,20241014,1
118,20241016,1
118,20241017,1
118,20241018,1
118,20241021,1
118,20241023,1
118,20241024,1
118,20241025,1
118,20241104,1
118,20241106,1
118,20241107,1
118,20241108,1
118,20241111,1
118,20241113,1
118,20241114,1
118,20241115,1
118,20241118,1
118,20241120,1
118,20241121,1
118,20241122,1
118,20241125,1
118,20241127,1
118,20241128,1
118,20241129,1
118,20241202,1
118,20241204,1
118,20241205,1
118,20241206,1
118,20241209,1
118,20241211,1
118,20241212,1
118,20241213,1
119,20240925,1
119,20240926,1
119,20241007,1
119,20241008,1
119,20241009,1
119,20241010,1
119,20241011,1
119,20241014,1
119,20241015,1
119,20241016,1
119,20241017,1
119,20241018,1
119,20241021,1
119,20241022,1
119,20241023,1
119,20241024,1
119,20241025,1
119,20241104,1
119,20241105,1
119,20241106,1
119,20241107,1
119,20241108,1
119,20241111,1
119,20241112,1
119,20241113,1
119,20241114,1
119,20241115,1
119,20241118,1
119,20241119,1
119,20241120,1
119,20241121,1
119,20241122,1
119,20241125,1
119,20241126,1
119,20241127,1
119,20241128,1
119,20241129,1
119,20241202,1
119,20241203,1
119,20241204,1
119,20241205,1
119,20241206,1
119,20241209,1
119,20241210,1
119,20241211,1
119,20241212,1
119,20241213,1
120,20240925,1
120,20240926,1
120,20241009,1
120,20241010,1
120,20241016,1
120,20241017,1
120,20241023,1
120,20241024,1
120,20241106,1
120,20241107,1
120,20241113,1
120,20241114,1
120,20241120,1
120,20241121,1
120,20241127,1
120,20241128,1
120,20241204,1
120,20241205,1
120,20241211,1
120,20241212,1
121,20240930,1
121,20241001,1
121,20241002,1
121,20241003,1
121,20241004,1
122,20241002,1
122,20241003,1
123,20240925,1
123,20240926,1
123,20241002,1
123,20241003,1
123,20241009,1
123,20241010,1
123,20241016,1
123,20241017,1
123,20241023,1
123,20241024,1
123,20241106,1
123,20241107,1
123,20241113,1
123,20241114,1
123,20241120,1
123,20241121,1
123,20241127,1
123,20241128,1
123,20241204,1
123,20241205,1
123,20241211,1
123,20241212,1
124,20241011,1
124,20241018,1
124,20241025,1
124,20241108,1
124,20241115,1
124,20241122,1
124,20241129,1
124,20241206,1
124,20241213,1
125,20240926,1
125,20241010,1
125,20241017,1
125,20241024,1
125,20241107,1
125,20241114,1
125,20241121,1
125,20241128,1
125,20241205,1
125,20241212,1
126,20241003,1
127,20241004,1
128,20240930,1
128,20241001,1
128,20241007,1
128,20241008,1
128,20241014,1
128,20241015,1
128,20241021,1
128,20241022,1
128,20241104,1
128,20241105,1
128,20241111,1
128,20241112,1
128,20241118,1
128,20241119,1
128,20241125,1
128,20241126,1
128,20241202,1
128,20241203,1
128,20241209,1
128,20241210,1
129,20241001,1
129,20241004,1
129,20241008,1
129,20241011,1
129,20241015,1
129,20241018,1
129,20241022,1
129,20241025,1
129,20241105,1
129,20241108,1
129,20241112,1
129,20241115,1
129,20241119,1
129,20241122,1
129,20241126,1
129,20241129,1
129,20241203,1
129,20241206,1
129,20241210,1
129,20241213,1
130,20241007,1
130,20241014,1
130,20241021,1
130,20241104,1
130,20241111,1
130,20241118,1
130,20241125,1
130,20241202,1
130,20241209,1
131,20240930,1
132,20240925,1
132,20240926,1
132,20240927,1
132,20241007,1
132,20241008,1
132,20241009,1
132,20241010,1
132,20241011,1
132,20241014,1
132,20241015,1
132,20241016,1
132,20241017,1
132,20241018,1
132,20241021,1
132,20241022,1
132,20241023,1
132,20241024,1
132,20241025,1
132,20241028,1
132,20241029,1
132,20241030,1
132,20241031,1
132,20241101,1
132,20241104,1
132,20241105,1
132,20241106,1
132,20241107,1
132,20241108,1
132,20241111,1
132,20241112,1
132,20241113,1
132,20241114,1
132,20241115,1
132,20241118,1
132,20241119,1
132,20241120,1
132,20241121,1
132,20241122,1
132,20241125,1
132,20241126,1
132,20241127,1
132,20241128,1
132,20241129,1
132,20241202,1
132,20241203,1
132,20241204,1
132,20241205,1
132,20241206,1
132,20241209,1
132,20241210,1
132,20241211,1
132,20241212,1
132,20241213,1
133,20240928,1
133,20241006,1
133,20241012,1
133,20241013,1
133,20241019,1
133,20241020,1
133,20241026,1
133,20241027,1
133,20241102,1
133,20241103,1
133,20241109,1
133,20241110,1
133,20241116,1
133,20241117,1
133,20241123,1
133,20241124,1
133,20241130,1
133,20241201,1
133,20241207,1
133,20241208,1
133,20241214,1
134,20240929,1
134,20241005,1
135,20241030,1
136,20240927,1
136,20241028,1
136,20241029,1
136,20241031,1
136,20241101,1
137,20240926,1
137,20240930,1
137,20241001,1
137,20241003,1
137,20241004,1
137,20241007,1
137,20241008,1
137,20241010,1
137,20241011,1
137,20241014,1
137,20241015,1
137,20241017,1
137,20241018,1
137,20241021,1
137,20241022,1
137,20241024,1
137,20241025,1
137,20241104,1
137,20241105,1
137,20241107,1
137,20241108,1
137,20241111,1
137,20241112,1
137,20241114,1
137,20241115,1
137,20241118,1
137,20241119,1
137,20241121,1
137,20241122,1
137,20241125,1
137,20241126,1
137,20241128,1
137,20241129,1
137,20241202,1
137,20241203,1
137,20241205,1
137,20241206,1
137,20241209,1
137,20241210,1
137,20241212,1
137,20241213,1
138,20240925,1
138,20241002,1
138,20241009,1
138,20241016,1
138,20241023,1
138,20241030,1
138,20241106,1
138,20241113,1
138,20241120,1
138,20241127,1
138,20241204,1
138,20241211,1
139,20240926,1
139,20240927,1
139,20240930,1
139,20241001,1
139,20241003,1
139,20241004,1
139,20241007,1
139,20241008,1
139,20241010,1
139,20241011,1
139,20241014,1
139,20241015,1
139,20241017,1
139,20241018,1
139,20241021,1
139,20241022,1
139,20241024,1
139,20241025,1
139,20241028,1
139,20241029,1
139,20241031,1
139,20241101,1
139,20241104,1
139,20241105,1
139,20241107,1
139,20241108,1
139,20241111,1
139,20241112,1
139,20241114,1
139,20241115,1
139,20241118,1
139,20241119,1
139,20241121,1
139,20241122,1
139,20241125,1
139,20241126,1
139,20241128,1
139,20241129,1
139,20241202,1
139,20241203,1
139,20241205,1
139,20241206,1
139,20241209,1
139,20241210,1
139,20241212,1
139,20241213,1
140,20240926,1
140,20240930,1
140,20241001,1
140,20241003,1
140,20241007,1
140,20241008,1
140,20241010,1
140,20241014,1
140,20241015,1
140,20241017,1
140,20241021,1
140,20241022,1
140,20241024,1
140,20241104,1
140,20241105,1
140,20241107,1
140,20241111,1
140,20241112,1
140,20241114,1
140,20241118,1
140,20241119,1
140,20241121,1
140,20241125,1
140,20241126,1
140,20241128,1
140,20241202,1
140,20241203,1
140,20241205,1
140,20241209,1
140,20241210,1
140,20241212,1
141,20241007,1
141,20241011,1
141,20241014,1
141,20241018,1
141,20241021,1
141,20241025,1
141,20241104,1
141,20241108,1
141,20241111,1
141,20241115,1
141,20241118,1
141,20241122,1
141,20241125,1
141,20241129,1
141,20241202,1
141,20241206,1
141,20241209,1
141,20241213,1
142,20240930,1
142,20241004,1
143,20240925,1
143,20240926,1
143,20240930,1
143,20241002,1
143,20241003,1
143,20241007,1
143,20241009,1
143,20241010,1
143,20241014,1
143,20241016,1
143,20241017,1
143,20241021,1
143,20241023,1
143,20241024,1
143,20241104,1
143,20241106,1
143,20241107,1
143,20241111,1
143,20241113,1
143,20241114,1
143,20241118,1
143,20241120,1
143,20241121,1
143,20241125,1
143,20241127,1
143,20241128,1
143,20241202,1
143,20241204,1
143,20241205,1
143,20241209,1
143,20241211,1
143,20241212,1
144,20240926,1
144,20241001,1
144,20241003,1
144,20241004,1
144,20241008,1
144,20241010,1
144,20241011,1
144,20241015,1
144,20241017,1
144,20241018,1
144,20241022,1
144,20241024,1
144,20241025,1
144,20241105,1
144,20241107,1
144,20241108,1
144,20241112,1
144,20241114,1
144,20241115,1
144,20241119,1
144,20241121,1
144,20241122,1
144,20241126,1
144,20241128,1
144,20241129,1
144,20241203,1
144,20241205,1
144,20241206,1
144,20241210,1
144,20241212,1
144,20241213,1
145,20240930,1
145,20241001,1
145,20241004,1
145,20241007,1
145,20241008,1
145,20241011,1
145,20241014,1
145,20241015,1
145,20241018,1
145,20241021,1
145,20241022,1
145,20241025,1
145,20241104,1
145,20241105,1
145,20241108,1
145,20241111,1
145,20241112,1
145,20241115,1
145,20241118,1
145,20241119,1
145,20241122,1
145,20241125,1
145,20241126,1
145,20241129,1
145,20241202,1
145,20241203,1
145,20241206,1
145,20241209,1
145,20241210,1
145,20241213,1
146,20240925,1
146,20240930,1
146,20241001,1
146,20241002,1
146,20241007,1
146,20241008,1
146,20241009,1
146,20241014,1
146,20241015,1
146,20241016,1
146,20241021,1
146,20241022,1
146,20241023,1
146,20241104,1
146,20241105,1
146,20241106,1
146,20241111,1
146,20241112,1
146,20241113,1
146,20241118,1
146,20241119,1
146,20241120,1
146,20241125,1
146,20241126,1
146,20241127,1
146,20241202,1
146,20241203,1
146,20241204,1
146,20241209,1
146,20241210,1
146,20241211,1
147,20240925,1
147,20240926,1
147,20240927,1
147,20240930,1
147,20241001,1
147,20241002,1
147,20241003,1
147,20241004,1
147,20241007,1
147,20241008,1
147,20241009,1
147,20241010,1
147,20241011,1
147,20241014,1
147,20241015,1
147,20241016,1
147,20241017,1
147,20241018,1
147,20241021,1
147,20241022,1
147,20241023,1
147,20241024,1
147,20241025,1
147,20241104,1
147,20241105,1
147,20241106,1
147,20241107,1
147,20241108,1
147,20241111,1
147,20241112,1
147,20241113,1
147,20241114,1
147,20241115,1
147,20241118,1
147,20241119,1
147,20241120,1
147,20241121,1
147,20241122,1
147,20241125,1
147,20241126,1
147,20241127,1
147,20241128,1
147,20241129,1
147,20241202,1
147,20241203,1
147,20241204,1
147,20241205,1
147,20241206,1
147,20241209,1
147,20241210,1
147,20241211,1
147,20241212,1
147,20241213,1
148,20240926,1
148,20240927,1
148,20240930,1
148,20241001,1
148,20241003,1
148,20241004,1
148,20241007,1
148,20241008,1
148,20241010,1
148,20241011,1
148,20241014,1
148,20241015,1
148,20241017,1
148,20241018,1
148,20241021,1
148,20241022,1
148,20241024,1
148,20241025,1
148,20241104,1
148,20241105,1
148,20241107,1
148,20241108,1
148,20241111,1
148,20241112,1
148,20241114,1
148,20241115,1
148,20241118,1
148,20241119,1
148,20241121,1
148,20241122,1
148,20241125,1
148,20241126,1
148,20241128,1
148,20241129,1
148,20241202,1
148,20241203,1
148,20241205,1
148,20241206,1
148,20241209,1
148,20241210,1
148,20241212,1
148,20241213,1
149,20241028,1
149,20241029,1
149,20241030,1
149,20241031,1
149,20241101,1
150,20240925,1
150,20240927,1
150,20241002,1
150,20241004,1
150,20241009,1
150,20241011,1
150,20241016,1
150,20241018,1
150,20241023,1
150,20241025,1
150,20241106,1
150,20241108,1
150,20241113,1
150,20241115,1
150,20241120,1
150,20241122,1
150,20241127,1
150,20241129,1
150,20241204,1
150,20241206,1
150,20241211,1
150,20241213,1
151,20241006,1
151,20241012,1
151,20241013,1
151,20241019,1
151,20241020,1
151,20241026,1
151,20241027,1
151,20241102,1
151,20241103,1
151,20241109,1
151,20241110,1
151,20241116,1
151,20241117,1
151,20241123,1
151,20241124,1
151,20241130,1
151,20241201,1
151,20241207,1
151,20241208,1
151,20241214,1
152,20241007,1
152,20241008,1
152,20241009,1
152,20241010,1
152,20241011,1
152,20241014,1
152,20241015,1
152,20241016,1
152,20241017,1
152,20241018,1
152,20241021,1
152,20241022,1
152,20241023,1
152,20241024,1
152,20241025,1
152,20241028,1
152,20241029,1
152,20241030,1
152,20241031,1
152,20241101,1
152,20241104,1
152,20241105,1
152,20241106,1
152,20241107,1
152,20241108,1
152,20241111,1
152,20241112,1
152,20241113,1
152,20241114,1
152,20241115,1
152,20241118,1
152,20241119,1
152,20241120,1
152,20241121,1
152,20241122,1
152,20241125,1
152,20241126,1
152,20241127,1
152,20241128,1
152,20241129,1
152,20241202,1
152,20241203,1
152,20241204,1
152,20241205,1
152,20241206,1
152,20241209,1
152,20241210,1
152,20241211,1
152,20241212,1
152,20241213,1
153,20240928,1
153,20240929,1
153,20241005,1
154,20240925,1
154,20240926,1
154,20240927,1
154,20240930,1
154,20241001,1
154,20241002,1
154,20241003,1
154,20241004,1
155,20240925,1
155,20240926,1
155,20240927,1
155,20240928,1
155,20241006,1
155,20241007,1
155,20241008,1
155,20241009,1
155,20241010,1
155,20241011,1
155,20241012,1
155,20241013,1
155,20241014,1
155,20241015,1
155,20241016,1
155,20241017,1
155,20241018,1
155,20241019,1
155,20241020,1
155,20241021,1
155,20241022,1
155,20241023,1
155,20241024,1
155,20241025,1
155,20241026,1
155,20241027,1
155,20241028,1
155,20241029,1
155,20241030,1
155,20241031,1
155,20241101,1
155,20241102,1
155,20241103,1
155,20241104,1
155,20241105,1
155,20241106,1
155,20241107,1
155,20241108,1
155,20241109,1
155,20241110,1
155,20241111,1
155,20241112,1
155,20241113,1
155,20241114,1
155,20241115,1
155,20241116,1
155,20241117,1
155,20241118,1
155,20241119,1
155,20241120,1
155,20241121,1
155,20241122,1
155,20241123,1
155,20241124,1
155,20241125,1
155,20241126,1
155,20241127,1
155,20241128,1
155,20241129,1
155,20241130,1
155,20241201,1
155,20241202,1
155,20241203,1
155,20241204,1
155,20241205,1
155,20241206,1
155,20241207,1
155,20241208,1
155,20241209,1
155,20241210,1
155,20241211,1
155,20241212,1
155,20241213,1
155,20241214,1
156,20240929,1
156,20240930,1
156,20241001,1
156,20241002,1
156,20241003,1
156,20241004,1
156,20241005,1
157,20240925,1
157,20240927,1
157,20241009,1
157,20241011,1
157,20241016,1
157,20241018,1
157,20241023,1
157,20241025,1
157,20241106,1
157,20241108,1
157,20241113,1
157,20241115,1
157,20241120,1
157,20241122,1
157,20241127,1
157,20241129,1
157,20241204,1
157,20241206,1
157,20241211,1
157,20241213,1
158,20240925,1
158,20240926,1
158,20240927,1
158,20241007,1
158,20241008,1
158,20241009,1
158,20241010,1
158,20241011,1
158,20241014,1
158,20241015,1
158,20241016,1
158,20241017,1
158,20241018,1
158,20241021,1
158,20241022,1
158,20241023,1
158,20241024,1
158,20241025,1
158,20241104,1
158,20241105,1
158,20241106,1
158,20241107,1
158,20241108,1
158,20241111,1
158,20241112,1
158,20241113,1
158,20241114,1
158,20241115,1
158,20241118,1
158,20241119,1
158,20241120,1
158,20241121,1
158,20241122,1
158,20241125,1
158,20241126,1
158,20241127,1
158,20241128,1
158,20241129,1
158,20241202,1
158,20241203,1
158,20241204,1
158,20241205,1
158,20241206,1
158,20241209,1
158,20241210,1
158,20241211,1
158,20241212,1
158,20241213,1
159,20240926,1
159,20241007,1
159,20241008,1
159,20241010,1
159,20241014,1
159,20241015,1
159,20241017,1
159,20241021,1
159,20241022,1
159,20241024,1
159,20241104,1
159,20241105,1
159,20241107,1
159,20241111,1
159,20241112,1
159,20241114,1
159,20241118,1
159,20241119,1
159,20241121,1
159,20241125,1
159,20241126,1
159,20241128,1
159,20241202,1
159,20241203,1
159,20241205,1
159,20241209,1
159,20241210,1
159,20241212,1
160,20240930,1
160,20241001,1
160,20241003,1
161,20241002,1
161,20241004,1
162,20240925,1
162,20241001,1
162,20241002,1
162,20241004,1
162,20241008,1
162,20241009,1
162,20241011,1
162,20241015,1
162,20241016,1
162,20241018,1
162,20241022,1
162,20241023,1
162,20241025,1
162,20241105,1
162,20241106,1
162,20241108,1
162,20241112,1
162,20241113,1
162,20241115,1
162,20241119,1
162,20241120,1
162,20241122,1
162,20241126,1
162,20241127,1
162,20241129,1
162,20241203,1
162,20241204,1
162,20241206,1
162,20241210,1
162,20241211,1
162,20241213,1
163,20240926,1
163,20241010,1
163,20241011,1
163,20241017,1
163,20241018,1
163,20241024,1
163,20241025,1
163,20241107,1
163,20241108,1
163,20241114,1
163,20241115,1
163,20241121,1
163,20241122,1
163,20241128,1
163,20241129,1
163,20241205,1
163,20241206,1
163,20241212,1
163,20241213,1
164,20241003,1
164,20241004,1
165,20240925,1
165,20240926,1
165,20240927,1
165,20240930,1
165,20241001,1
165,20241002,1
165,20241003,1
165,20241004,1
165,20241007,1
165,20241008,1
165,20241009,1
165,20241010,1
165,20241011,1
165,20241014,1
165,20241015,1
165,20241016,1
165,20241017,1
165,20241018,1
165,20241021,1
165,20241022,1
165,20241023,1
165,20241024,1
165,20241025,1
165,20241028,1
165,20241029,1
165,20241030,1
165,20241031,1
165,20241104,1
165,20241105,1
165,20241106,1
165,20241107,1
165,20241108,1
165,20241111,1
165,20241112,1
165,20241113,1
165,20241114,1
165,20241115,1
165,20241118,1
165,20241119,1
165,20241120,1
165,20241121,1
165,20241122,1
165,20241125,1
165,20241126,1
165,20241127,1
165,20241128,1
165,20241129,1
165,20241202,1
165,20241203,1
165,20241204,1
165,20241205,1
165,20241206,1
165,20241209,1
165,20241210,1
165,20241211,1
165,20241212,1
165,20241213,1
166,20240928,1
166,20241005,1
166,20241006,1
166,20241012,1
166,20241013,1
166,20241019,1
166,20241020,1
166,20241026,1
166,20241027,1
166,20241102,1
166,20241103,1
166,20241109,1
166,20241110,1
166,20241116,1
166,20241117,1
166,20241123,1
166,20241124,1
166,20241130,1
166,20241201,1
166,20241207,1
166,20241208,1
166,20241214,1
167,20240928,1
167,20240929,1
167,20241006,1
167,20241012,1
167,20241013,1
167,20241019,1
167,20241020,1
167,20241026,1
167,20241027,1
167,20241102,1
167,20241103,1
167,20241109,1
167,20241110,1
167,20241116,1
167,20241117,1
167,20241123,1
167,20241124,1
167,20241130,1
167,20241201,1
167,20241207,1
167,20241208,1
167,20241214,1
168,20240928,1
168,20241012,1
168,20241019,1
168,20241026,1
168,20241109,1
168,20241116,1
168,20241123,1
168,20241130,1
168,20241207,1
168,20241214,1
169,20241007,1
169,20241008,1
169,20241009,1
169,20241010,1
169,20241011,1
169,20241014,1
169,20241015,1
169,20241016,1
169,20241017,1
169,20241018,1
169,20241021,1
169,20241022,1
169,20241023,1
169,20241024,1
169,20241025,1
169,20241104,1
169,20241105,1
169,20241106,1
169,20241107,1
169,20241108,1
169,20241111,1
169,20241112,1
169,20241113,1
169,20241114,1
169,20241115,1
169,20241118,1
169,20241119,1
169,20241120,1
169,20241121,1
169,20241122,1
169,20241125,1
169,20241126,1
169,20241127,1
169,20241128,1
169,20241129,1
169,20241202,1
169,20241203,1
169,20241204,1
169,20241205,1
169,20241206,1
169,20241209,1
169,20241210,1
169,20241211,1
169,20241212,1
169,20241213,1
170,20241012,1
170,20241019,1
170,20241026,1
170,20241102,1
170,20241109,1
170,20241116,1
170,20241123,1
170,20241130,1
170,20241207,1
170,20241214,1
171,20241011,1
171,20241018,1
171,20241025,1
171,20241101,1
171,20241108,1
171,20241115,1
171,20241122,1
171,20241129,1
171,20241206,1
171,20241213,1
172,20240925,1
172,20240926,1
172,20240930,1
172,20241001,1
172,20241002,1
172,20241003,1
172,20241004,1
173,20240928,1
173,20241005,1
174,20240927,1
174,20241004,1
175,20240925,1
175,20240926,1
175,20240927,1
175,20240928,1
175,20240930,1
175,20241001,1
175,20241002,1
175,20241003,1
175,20241004,1
175,20241005,1
175,20241006,1
175,20241007,1
175,20241008,1
175,20241009,1
175,20241010,1
175,20241011,1
175,20241012,1
175,20241013,1
175,20241014,1
175,20241015,1
175,20241016,1
175,20241017,1
175,20241018,1
175,20241019,1
175,20241020,1
175,20241021,1
175,20241022,1
175,20241023,1
175,20241024,1
175,20241025,1
175,20241026,1
175,20241027,1
175,20241028,1
175,20241029,1
175,20241030,1
175,20241031,1
175,20241101,1
175,20241102,1
175,20241103,1
175,20241104,1
175,20241105,1
175,20241106,1
175,20241107,1
175,20241108,1
175,20241109,1
175,20241110,1
175,20241111,1
175,20241112,1
175,20241113,1
175,20241114,1
175,20241115,1
175,20241116,1
175,20241117,1
175,20241118,1
175,20241119,1
175,20241120,1
175,20241121,1
175,20241122,1
175,20241123,1
175,20241124,1
175,20241125,1
175,20241126,1
175,20241127,1
175,20241128,1
175,20241129,1
175,20241130,1
175,20241201,1
175,20241202,1
175,20241203,1
175,20241204,1
175,20241205,1
175,20241206,1
175,20241207,1
175,20241208,1
175,20241209,1
175,20241210,1
175,20241211,1
175,20241212,1
175,20241213,1
175,20241214,1
176,20241005,1
176,20241006,1
176,20241012,1
176,20241013,1
176,20241019,1
176,20241020,1
176,20241026,1
176,20241027,1
176,20241102,1
176,20241103,1
176,20241109,1
176,20241110,1
176,20241116,1
176,20241117,1
176,20241123,1
176,20241124,1
177,20241006,1
177,20241013,1
177,20241020,1
177,20241027,1
177,20241103,1
177,20241110,1
177,20241117,1
177,20241124,1
178,20240928,1
178,20241005,1
178,20241012,1
178,20241019,1
178,20241026,1
178,20241102,1
178,20241109,1
178,20241116,1
178,20241123,1
179,20240925,1
179,20240926,1
179,20240927,1
179,20240930,1
179,20241001,1
179,20241002,1
179,20241003,1
179,20241004,1
179,20241005,1
179,20241007,1
179,20241008,1
179,20241009,1
179,20241010,1
179,20241011,1
179,20241012,1
179,20241014,1
179,20241015,1
179,20241016,1
179,20241017,1
179,20241018,1
179,20241019,1
179,20241021,1
179,20241022,1
179,20241023,1
179,20241024,1
179,20241025,1
179,20241026,1
179,20241028,1
179,20241029,1
179,20241030,1
179,20241031,1
179,20241101,1
179,20241102,1
179,20241104,1
179,20241105,1
179,20241106,1
179,20241107,1
179,20241108,1
179,20241109,1
179,20241111,1
179,20241112,1
179,20241113,1
179,20241114,1
179,20241115,1
179,20241116,1
179,20241118,1
179,20241119,1
179,20241120,1
179,20241121,1
179,20241122,1
179,20241123,1
179,20241125,1
179,20241126,1
180,20240925,1
180,20240926,1
180,20240927,1
180,20240930,1
180,20241001,1
180,20241002,1
180,20241003,1
180,20241004,1
180,20241005,1
180,20241006,1
180,20241007,1
180,20241008,1
180,20241009,1
180,20241010,1
180,20241011,1
180,20241012,1
180,20241013,1
180,20241014,1
180,20241015,1
180,20241016,1
180,20241017,1
180,20241018,1
180,20241019,1
180,20241020,1
180,20241021,1
180,20241022,1
180,20241023,1
180,20241024,1
180,20241025,1
180,20241026,1
180,20241027,1
180,20241028,1
180,20241029,1
180,20241030,1
180,20241031,1
180,20241101,1
180,20241102,1
180,20241103,1
180,20241104,1
180,20241105,1
180,20241106,1
180,20241107,1
180,20241108,1
180,20241109,1
180,20241110,1
180,20241111,1
180,20241112,1
180,20241113,1
180,20241114,1
180,20241115,1
180,20241116,1
180,20241117,1
180,20241118,1
180,20241119,1
180,20241120,1
180,20241121,1
180,20241122,1
180,20241123,1
180,20241124,1
180,20241125,1
180,20241126,1
181,20240925,1
181,20240926,1
181,20240927,1
181,20240930,1
181,20241001,1
181,20241002,1
181,20241003,1
181,20241004,1
181,20241006,1
181,20241007,1
181,20241008,1
181,20241009,1
181,20241010,1
181,20241011,1
181,20241013,1
181,20241014,1
181,20241015,1
181,20241016,1
181,20241017,1
181,20241018,1
181,20241020,1
181,20241021,1
181,20241022,1
181,20241023,1
181,20241024,1
181,20241025,1
181,20241027,1
181,20241028,1
181,20241029,1
181,20241030,1
181,20241031,1
181,20241101,1
181,20241103,1
181,20241104,1
181,20241105,1
181,20241106,1
181,20241107,1
181,20241108,1
181,20241110,1
181,20241111,1
181,20241112,1
181,20241113,1
181,20241114,1
181,20241115,1
181,20241117,1
181,20241118,1
181,20241119,1
181,20241120,1
181,20241121,1
181,20241122,1
181,20241124,1
181,20241125,1
181,20241126,1
182,20240927,1
182,20241004,1
182,20241011,1
182,20241012,1
182,20241018,1
182,20241019,1
182,20241025,1
182,20241026,1
182,20241101,1
182,20241102,1
182,20241108,1
182,20241109,1
182,20241115,1
182,20241116,1
182,20241122,1
182,20241123,1
183,20240925,1
183,20240926,1
183,20240927,1
183,20241012,1
184,20241004,1
184,20241011,1
184,20241018,1
184,20241025,1
184,20241101,1
184,20241108,1
184,20241115,1
184,20241122,1
185,20240925,1
185,20240926,1
185,20240927,1
185,20240930,1
185,20241007,1
185,20241008,1
185,20241009,1
185,20241010,1
185,20241011,1
185,20241014,1
185,20241015,1
185,20241016,1
185,20241017,1
185,20241018,1
185,20241021,1
185,20241022,1
185,20241023,1
185,20241024,1
185,20241025,1
185,20241028,1
185,20241029,1
185,20241030,1
185,20241031,1
185,20241101,1
185,20241104,1
185,20241105,1
185,20241106,1
185,20241107,1
185,20241108,1
185,20241111,1
185,20241112,1
185,20241113,1
185,20241114,1
185,20241115,1
185,20241118,1
185,20241119,1
185,20241120,1
185,20241121,1
185,20241122,1
185,20241125,1
185,20241126,1
186,20241006,1
186,20241020,1
186,20241027,1
186,20241103,1
186,20241110,1
186,20241117,1
186,20241124,1
187,20241013,1
188,20240925,1
188,20240926,1
188,20240930,1
188,20241001,1
188,20241002,1
188,20241003,1
188,20241007,1
188,20241008,1
188,20241009,1
188,20241010,1
188,20241014,1
188,20241015,1
188,20241016,1
188,20241017,1
188,20241021,1
188,20241022,1
188,20241023,1
188,20241024,1
188,20241028,1
188,20241029,1
188,20241030,1
188,20241031,1
188,20241104,1
188,20241105,1
188,20241106,1
188,20241107,1
188,20241111,1
188,20241112,1
188,20241113,1
188,20241114,1
188,20241118,1
188,20241119,1
188,20241120,1
188,20241121,1
188,20241125,1
188,20241126,1
189,20240930,1
189,20241001,1
189,20241002,1
189,20241003,1
189,20241004,1
189,20241005,1
189,20241007,1
189,20241008,1
189,20241009,1
189,20241010,1
189,20241011,1
189,20241014,1
189,20241015,1
189,20241016,1
189,20241017,1
189,20241018,1
189,20241019,1
189,20241021,1
189,20241022,1
189,20241023,1
189,20241024,1
189,20241025,1
189,20241028,1
189,20241029,1
189,20241030,1
189,20241031,1
189,20241101,1
189,20241102,1
189,20241104,1
189,20241105,1
189,20241106,1
189,20241107,1
189,20241108,1
189,20241109,1
189,20241111,1
189,20241112,1
189,20241113,1
189,20241114,1
189,20241115,1
189,20241116,1
189,20241118,1
189,20241119,1
189,20241120,1
189,20241121,1
189,20241122,1
189,20241123,1
189,20241125,1
189,20241126,1
190,20240927,1
191,20241111,1
191,20241118,1
191,20241125,1
192,20240925,1
192,20240926,1
192,20240927,1
192,20240930,1
193,20241001,1
193,20241002,1
193,20241003,1
193,20241004,1
193,20241007,1
193,20241008,1
193,20241009,1
193,20241010,1
193,20241011,1
193,20241014,1
193,20241015,1
193,20241016,1
193,20241017,1
193,20241018,1
193,20241021,1
193,20241022,1
193,20241023,1
193,20241024,1
193,20241025,1
193,20241028,1
193,20241029,1
193,20241030,1
193,20241031,1
194,20240925,1
194,20240926,1
194,20240927,1
194,20240930,1
194,20241001,1
194,20241002,1
194,20241003,1
194,20241004,1
194,20241007,1
194,20241008,1
194,20241009,1
194,20241010,1
194,20241011,1
194,20241015,1
194,20241016,1
194,20241017,1
194,20241018,1
194,20241021,1
194,20241022,1
194,20241023,1
194,20241024,1
194,20241025,1
194,20241028,1
194,20241029,1
194,20241030,1
194,20241031,1
194,20241101,1
194,20241104,1
194,20241105,1
194,20241106,1
194,20241107,1
194,20241108,1
194,20241111,1
194,20241112,1
194,20241113,1
194,20241114,1
194,20241115,1
194,20241118,1
194,20241119,1
194,20241120,1
194,20241121,1
194,20241122,1
194,20241125,1
194,20241126,1
195,20241101,1
195,20241104,1
196,20240928,1
196,20241005,1
196,20241012,1
196,20241019,1
196,20241026,1
196,20241102,1
196,20241103,1
196,20241109,1
196,20241116,1
196,20241123,1
197,20241105,1
197,20241106,1
197,20241108,1
197,20241112,1
197,20241113,1
197,20241114,1
197,20241115,1
197,20241119,1
197,20241120,1
197,20241121,1
197,20241122,1
197,20241126,1
198,20241014,1
199,20240928,1
199,20240929,1
199,20241102,1
199,20241103,1
199,20241109,1
199,20241110,1
199,20241116,1
199,20241117,1
199,20241123,1
199,20241124,1
200,20241014,1
200,20241015,1
200,20241016,1
200,20241017,1
200,20241018,1
200,20241021,1
200,20241022,1
200,20241023,1
200,20241024,1
200,20241025,1
201,20240928,1
201,20240929,1
201,20241005,1
201,20241012,1
201,20241013,1
201,20241019,1
201,20241026,1
201,20241102,1
201,20241103,1
201,20241109,1
201,20241116,1
201,20241123,1
202,20241006,1
202,20241013,1
202,20241020,1
202,20241027,1
203,20240925,1
203,20240927,1
203,20240930,1
203,20241001,1
203,20241002,1
203,20241004,1
203,20241007,1
203,20241008,1
203,20241009,1
203,20241011,1
203,20241014,1
203,20241015,1
203,20241016,1
203,20241018,1
203,20241021,1
203,20241022,1
203,20241023,1
203,20241025,1
203,20241028,1
203,20241029,1
203,20241030,1
203,20241031,1
203,20241101,1
203,20241104,1
203,20241105,1
203,20241106,1
203,20241107,1
203,20241108,1
203,20241111,1
203,20241112,1
203,20241113,1
203,20241114,1
203,20241115,1
203,20241118,1
203,20241119,1
203,20241120,1
203,20241121,1
203,20241122,1
203,20241125,1
203,20241126,1
204,20240925,1
204,20240926,1
204,20240927,1
204,20240930,1
204,20241001,1
204,20241002,1
204,20241003,1
204,20241004,1
204,20241007,1
204,20241008,1
204,20241009,1
204,20241010,1
204,20241011,1
204,20241014,1
204,20241015,1
204,20241016,1
204,20241017,1
204,20241018,1
204,20241021,1
204,20241022,1
204,20241023,1
204,20241024,1
204,20241025,1
204,20241028,1
204,20241029,1
204,20241030,1
204,20241031,1
204,20241101,1
204,20241104,1
204,20241105,1
204,20241106,1
204,20241108,1
204,20241111,1
204,20241112,1
204,20241113,1
204,20241114,1
204,20241115,1
204,20241118,1
204,20241119,1
204,20241120,1
204,20241121,1
204,20241122,1
204,20241125,1
204,20241126,1
205,20240925,1
205,20240926,1
205,20240927,1
205,20240930,1
205,20241001,1
205,20241002,1
205,20241003,1
205,20241004,1
205,20241007,1
205,20241008,1
205,20241009,1
205,20241010,1
205,20241011,1
205,20241028,1
205,20241029,1
205,20241030,1
205,20241031,1
205,20241101,1
205,20241104,1
205,20241105,1
205,20241106,1
205,20241107,1
205,20241108,1
205,20241111,1
205,20241112,1
205,20241113,1
205,20241114,1
205,20241115,1
205,20241118,1
205,20241119,1
205,20241120,1
205,20241121,1
205,20241122,1
205,20241125,1
205,20241126,1
206,20240926,1
206,20241003,1
206,20241010,1
206,20241017,1
206,20241024,1
207,20241005,1
207,20241006,1
207,20241012,1
207,20241013,1
207,20241019,1
207,20241020,1
207,20241026,1
207,20241027,1
208,20241110,1
208,20241117,1
208,20241124,1
209,20240929,1
209,20241006,1
209,20241013,1
209,20241103,1
209,20241110,1
209,20241117,1
209,20241124,1
210,20241019,1
211,20240925,1
211,20240926,1
211,20240927,1
211,20240928,1
211,20240930,1
211,20241001,1
211,20241002,1
211,20241003,1
211,20241004,1
211,20241005,1
211,20241007,1
211,20241008,1
211,20241009,1
211,20241010,1
211,20241011,1
211,20241012,1
211,20241014,1
211,20241015,1
211,20241016,1
211,20241017,1
211,20241018,1
211,20241021,1
211,20241022,1
211,20241023,1
211,20241024,1
211,20241025,1
211,20241026,1
211,20241028,1
211,20241029,1
211,20241030,1
211,20241031,1
211,20241101,1
211,20241102,1
211,20241104,1
211,20241105,1
211,20241106,1
211,20241107,1
211,20241108,1
211,20241109,1
211,20241111,1
211,20241112,1
211,20241113,1
211,20241114,1
211,20241115,1
211,20241116,1
211,20241118,1
211,20241119,1
211,20241120,1
211,20241121,1
211,20241122,1
211,20241123,1
211,20241125,1
211,20241126,1
212,20240925,1
212,20240926,1
212,20240928,1
212,20240929,1
212,20240930,1
212,20241001,1
212,20241002,1
212,20241003,1
212,20241005,1
212,20241006,1
212,20241009,1
212,20241010,1
212,20241012,1
212,20241013,1
212,20241014,1
212,20241015,1
212,20241016,1
212,20241017,1
212,20241019,1
212,20241020,1
212,20241021,1
212,20241022,1
212,20241023,1
212,20241024,1
212,20241027,1
212,20241028,1
212,20241029,1
212,20241030,1
212,20241031,1
212,20241102,1
212,20241103,1
212,20241104,1
212,20241105,1
212,20241106,1
212,20241107,1
212,20241109,1
212,20241110,1
212,20241111,1
212,20241112,1
212,20241113,1
212,20241114,1
212,20241116,1
212,20241117,1
212,20241118,1
212,20241119,1
212,20241120,1
212,20241121,1
212,20241123,1
212,20241124,1
212,20241125,1
212,20241126,1
213,20241007,1
213,20241008,1
214,20241020,1
215,20240925,1
215,20240926,1
215,20240927,1
215,20240928,1
215,20240929,1
215,20240930,1
215,20241001,1
215,20241002,1
215,20241003,1
215,20241004,1
215,20241005,1
215,20241006,1
215,20241007,1
215,20241008,1
215,20241009,1
215,20241010,1
215,20241011,1
215,20241012,1
215,20241013,1
215,20241014,1
215,20241015,1
215,20241016,1
215,20241017,1
215,20241018,1
215,20241019,1
215,20241020,1
215,20241021,1
215,20241022,1
215,20241023,1
215,20241024,1
215,20241025,1
215,20241026,1
215,20241028,1
215,20241029,1
215,20241030,1
215,20241031,1
215,20241101,1
215,20241102,1
215,20241103,1
215,20241104,1
215,20241105,1
215,20241106,1
215,20241107,1
215,20241108,1
215,20241109,1
215,20241110,1
215,20241111,1
215,20241112,1
215,20241113,1
215,20241114,1
215,20241115,1
215,20241116,1
215,20241117,1
215,20241118,1
215,20241119,1
215,20241120,1
215,20241121,1
215,20241122,1
215,20241123,1
215,20241124,1
215,20241125,1
215,20241126,1
216,20240925,1
216,20240926,1
216,20240928,1
216,20240929,1
216,20240930,1
216,20241001,1
216,20241002,1
216,20241003,1
216,20241005,1
216,20241006,1
216,20241007,1
216,20241008,1
216,20241009,1
216,20241010,1
216,20241012,1
216,20241013,1
216,20241014,1
216,20241015,1
216,20241016,1
216,20241017,1
216,20241019,1
216,20241020,1
216,20241021,1
216,20241022,1
216,20241023,1
216,20241024,1
216,20241027,1
216,20241028,1
216,20241029,1
216,20241030,1
216,20241031,1
216,20241102,1
216,20241103,1
216,20241104,1
216,20241105,1
216,20241106,1
216,20241107,1
216,20241109,1
216,20241110,1
216,20241111,1
216,20241112,1
216,20241113,1
216,20241114,1
216,20241116,1
216,20241117,1
216,20241118,1
216,20241119,1
216,20241120,1
216,20241121,1
216,20241123,1
216,20241124,1
216,20241125,1
216,20241126,1
217,20240925,1
217,20240926,1
217,20240927,1
217,20240928,1
217,20240929,1
217,20240930,1
217,20241001,1
217,20241002,1
217,20241003,1
217,20241004,1
217,20241005,1
217,20241006,1
217,20241009,1
217,20241010,1
217,20241011,1
217,20241012,1
217,20241013,1
217,20241014,1
217,20241015,1
217,20241016,1
217,20241017,1
217,20241018,1
217,20241019,1
217,20241020,1
217,20241021,1
217,20241022,1
217,20241023,1
217,20241024,1
217,20241025,1
217,20241026,1
217,20241027,1
217,20241028,1
217,20241029,1
217,20241030,1
217,20241031,1
217,20241101,1
217,20241102,1
217,20241103,1
217,20241104,1
217,20241105,1
217,20241106,1
217,20241107,1
217,20241108,1
217,20241109,1
217,20241110,1
217,20241111,1
217,20241112,1
217,20241113,1
217,20241114,1
217,20241115,1
217,20241116,1
217,20241117,1
217,20241118,1
217,20241119,1
217,20241120,1
217,20241121,1
217,20241122,1
217,20241123,1
217,20241124,1
217,20241125,1
217,20241126,1
218,20240929,1
218,20241006,1
218,20241013,1
218,20241020,1
218,20241103,1
218,20241110,1
218,20241117,1
218,20241124,1
219,20241007,1
219,20241008,1
219,20241009,1
220,20241012,1
221,20240925,1
221,20240926,1
221,20240927,1
221,20240928,1
221,20240929,1
221,20240930,1
221,20241001,1
221,20241002,1
221,20241003,1
221,20241004,1
221,20241005,1
221,20241006,1
221,20241010,1
221,20241011,1
221,20241012,1
221,20241013,1
221,20241014,1
221,20241015,1
221,20241016,1
221,20241017,1
221,20241018,1
221,20241019,1
221,20241020,1
221,20241021,1
221,20241022,1
221,20241023,1
221,20241024,1
221,20241025,1
221,20241026,1
221,20241027,1
221,20241028,1
221,20241029,1
221,20241030,1
221,20241031,1
221,20241101,1
221,20241102,1
221,20241103,1
221,20241104,1
221,20241105,1
221,20241106,1
221,20241107,1
221,20241108,1
221,20241109,1
221,20241110,1
221,20241111,1
221,20241112,1
221,20241113,1
221,20241114,1
221,20241115,1
221,20241116,1
221,20241117,1
221,20241118,1
221,20241119,1
221,20241120,1
221,20241121,1
221,20241122,1
221,20241123,1
221,20241124,1
221,20241125,1
221,20241126,1
222,20240925,1
222,20240926,1
222,20240927,1
222,20240929,1
222,20240930,1
222,20241001,1
222,20241002,1
222,20241003,1
222,20241004,1
222,20241006,1
222,20241009,1
222,20241010,1
222,20241011,1
222,20241013,1
222,20241014,1
222,20241015,1
222,20241016,1
222,20241017,1
222,20241018,1
222,20241020,1
222,20241021,1
222,20241022,1
222,20241023,1
222,20241024,1
222,20241025,1
222,20241027,1
222,20241028,1
222,20241029,1
222,20241030,1
222,20241031,1
222,20241101,1
222,20241103,1
222,20241104,1
222,20241105,1
222,20241106,1
222,20241107,1
222,20241108,1
222,20241110,1
222,20241111,1
222,20241112,1
222,20241113,1
222,20241114,1
222,20241115,1
222,20241117,1
222,20241118,1
222,20241119,1
222,20241120,1
222,20241121,1
222,20241122,1
222,20241124,1
222,20241125,1
222,20241126,1
223,20240925,1
223,20240926,1
223,20240930,1
223,20241001,1
223,20241002,1
223,20241003,1
223,20241009,1
223,20241010,1
223,20241014,1
223,20241015,1
223,20241016,1
223,20241017,1
223,20241021,1
223,20241022,1
223,20241023,1
223,20241024,1
223,20241028,1
223,20241029,1
223,20241030,1
223,20241031,1
223,20241104,1
223,20241105,1
223,20241106,1
223,20241107,1
223,20241111,1
223,20241112,1
223,20241113,1
223,20241114,1
223,20241118,1
223,20241119,1
223,20241120,1
223,20241121,1
223,20241125,1
223,20241126,1
224,20240927,1
224,20240928,1
224,20241004,1
224,20241005,1
224,20241011,1
224,20241018,1
224,20241019,1
224,20241025,1
224,20241101,1
224,20241102,1
224,20241108,1
224,20241109,1
224,20241115,1
224,20241116,1
224,20241122,1
224,20241123,1
225,20240927,1
225,20240928,1
225,20241004,1
225,20241005,1
225,20241011,1
225,20241012,1
225,20241018,1
225,20241025,1
225,20241101,1
225,20241102,1
225,20241108,1
225,20241109,1
225,20241115,1
225,20241116,1
225,20241122,1
225,20241123,1
