service_id,date,exception_type
1,20241104,1
1,20241105,1
1,20241106,1
1,20241107,1
1,20241108,1
1,20241111,1
1,20241112,1
1,20241113,1
1,20241114,1
1,20241115,1
1,20241118,1
1,20241119,1
1,20241120,1
1,20241121,1
1,20241122,1
1,20241125,1
1,20241126,1
1,20241127,1
1,20241128,1
1,20241129,1
1,20241202,1
1,20241203,1
1,20241204,1
1,20241205,1
1,20241206,1
1,20241209,1
1,20241210,1
1,20241211,1
1,20241212,1
1,20241213,1
2,20241109,1
2,20241116,1
2,20241123,1
2,20241130,1
2,20241207,1
2,20241214,1
3,20241104,1
3,20241105,1
3,20241106,1
3,20241107,1
3,20241108,1
3,20241109,1
3,20241110,1
3,20241111,1
3,20241112,1
3,20241113,1
3,20241114,1
3,20241115,1
3,20241116,1
3,20241117,1
3,20241118,1
3,20241119,1
3,20241120,1
3,20241121,1
3,20241122,1
3,20241123,1
3,20241124,1
3,20241125,1
3,20241126,1
3,20241127,1
3,20241128,1
3,20241129,1
3,20241130,1
3,20241201,1
3,20241202,1
3,20241203,1
3,20241204,1
3,20241205,1
3,20241206,1
3,20241207,1
3,20241208,1
3,20241209,1
3,20241210,1
3,20241211,1
3,20241212,1
3,20241213,1
3,20241214,1
4,20241108,1
4,20241109,1
4,20241115,1
4,20241116,1
4,20241122,1
4,20241123,1
4,20241129,1
4,20241130,1
4,20241206,1
4,20241207,1
4,20241213,1
4,20241214,1
5,20241109,1
5,20241110,1
5,20241116,1
5,20241117,1
5,20241123,1
5,20241124,1
5,20241130,1
5,20241201,1
5,20241207,1
5,20241208,1
5,20241214,1
6,20241110,1
6,20241117,1
6,20241124,1
6,20241201,1
6,20241208,1
7,20241104,1
7,20241105,1
7,20241106,1
7,20241107,1
7,20241108,1
7,20241109,1
7,20241111,1
7,20241112,1
7,20241113,1
7,20241114,1
7,20241115,1
7,20241116,1
7,20241118,1
7,20241119,1
7,20241120,1
7,20241121,1
7,20241122,1
7,20241123,1
7,20241125,1
7,20241126,1
7,20241127,1
7,20241128,1
7,20241129,1
7,20241130,1
7,20241202,1
7,20241203,1
7,20241204,1
7,20241205,1
7,20241206,1
7,20241207,1
7,20241209,1
7,20241210,1
7,20241211,1
7,20241212,1
7,20241213,1
7,20241214,1
8,20241216,1
8,20241217,1
8,20241218,1
8,20241219,1
8,20241220,1
8,20241223,1
8,20241227,1
8,20241230,1
8,20250101,1
8,20250102,1
8,20250103,1
8,20250106,1
8,20250107,1
8,20250108,1
8,20250109,1
8,20250110,1
8,20250113,1
8,20250114,1
8,20250115,1
8,20250116,1
8,20250117,1
8,20250120,1
8,20250121,1
8,20250122,1
8,20250123,1
8,20250124,1
8,20250127,1
8,20250128,1
8,20250129,1
8,20250130,1
8,20250131,1
8,20250203,1
8,20250204,1
8,20250205,1
8,20250206,1
8,20250207,1
8,20250210,1
8,20250211,1
8,20250212,1
8,20250213,1
8,20250214,1
8,20250217,1
8,20250218,1
8,20250219,1
8,20250220,1
8,20250221,1
8,20250224,1
8,20250225,1
8,20250226,1
8,20250227,1
8,20250228,1
8,20250303,1
8,20250304,1
8,20250305,1
8,20250306,1
8,20250307,1
8,20250310,1
8,20250311,1
8,20250312,1
8,20250313,1
8,20250314,1
8,20250317,1
8,20250318,1
8,20250319,1
8,20250320,1
8,20250321,1
8,20250324,1
8,20250325,1
8,20250326,1
8,20250327,1
8,20250328,1
8,20250331,1
8,20250401,1
8,20250402,1
8,20250403,1
8,20250404,1
8,20250407,1
8,20250408,1
8,20250409,1
8,20250410,1
8,20250411,1
8,20250414,1
8,20250415,1
8,20250416,1
8,20250417,1
8,20250418,1
8,20250421,1
8,20250422,1
8,20250423,1
8,20250424,1
8,20250425,1
8,20250428,1
8,20250429,1
8,20250430,1
8,20250501,1
8,20250502,1
8,20250505,1
8,20250506,1
8,20250507,1
8,20250508,1
8,20250509,1
8,20250512,1
8,20250513,1
8,20250514,1
8,20250515,1
8,20250516,1
8,20250519,1
8,20250520,1
8,20250521,1
8,20250522,1
8,20250523,1
8,20250526,1
8,20250527,1
8,20250528,1
8,20250529,1
8,20250530,1
8,20250602,1
8,20250603,1
8,20250604,1
8,20250605,1
8,20250606,1
8,20250609,1
8,20250610,1
8,20250611,1
8,20250612,1
8,20250613,1
9,20241215,1
9,20241221,1
9,20241222,1
9,20241224,1
9,20241225,1
9,20241226,1
9,20241228,1
9,20241229,1
9,20241231,1
9,20250104,1
9,20250105,1
9,20250111,1
9,20250112,1
9,20250118,1
9,20250119,1
9,20250125,1
9,20250126,1
9,20250201,1
9,20250202,1
9,20250208,1
9,20250209,1
9,20250215,1
9,20250216,1
9,20250222,1
9,20250223,1
9,20250301,1
9,20250302,1
9,20250308,1
9,20250309,1
9,20250315,1
9,20250316,1
9,20250322,1
9,20250323,1
9,20250329,1
9,20250330,1
9,20250405,1
9,20250406,1
9,20250412,1
9,20250413,1
9,20250419,1
9,20250420,1
9,20250426,1
9,20250427,1
9,20250503,1
9,20250504,1
9,20250510,1
9,20250511,1
9,20250517,1
9,20250518,1
9,20250524,1
9,20250525,1
9,20250531,1
9,20250601,1
9,20250607,1
9,20250608,1
9,20250614,1
9,20250615,1
10,20241221,1
10,20241228,1
10,20241231,1
10,20250104,1
10,20250111,1
10,20250118,1
10,20250125,1
10,20250201,1
10,20250208,1
10,20250215,1
10,20250222,1
10,20250301,1
10,20250308,1
10,20250315,1
10,20250322,1
10,20250329,1
10,20250405,1
10,20250412,1
10,20250419,1
10,20250426,1
10,20250503,1
10,20250510,1
10,20250517,1
10,20250524,1
10,20250531,1
10,20250607,1
10,20250614,1
11,20241215,1
11,20241222,1
11,20241224,1
11,20241225,1
11,20241226,1
11,20241229,1
11,20250105,1
11,20250112,1
11,20250119,1
11,20250126,1
11,20250202,1
11,20250209,1
11,20250216,1
11,20250223,1
11,20250302,1
11,20250309,1
11,20250316,1
11,20250323,1
11,20250330,1
11,20250406,1
11,20250413,1
11,20250420,1
11,20250427,1
11,20250504,1
11,20250511,1
11,20250518,1
11,20250525,1
11,20250601,1
11,20250608,1
11,20250615,1
12,20241221,1
12,20241225,1
12,20241228,1
12,20241231,1
12,20250104,1
12,20250111,1
12,20250118,1
12,20250125,1
12,20250201,1
12,20250208,1
12,20250215,1
12,20250222,1
12,20250301,1
12,20250308,1
12,20250315,1
12,20250322,1
12,20250329,1
12,20250405,1
12,20250412,1
12,20250419,1
12,20250426,1
12,20250503,1
12,20250510,1
12,20250517,1
12,20250524,1
12,20250531,1
12,20250607,1
12,20250614,1
13,20241220,1
13,20241227,1
13,20250103,1
13,20250110,1
13,20250117,1
13,20250124,1
13,20250131,1
13,20250207,1
13,20250214,1
13,20250221,1
13,20250228,1
13,20250307,1
13,20250314,1
13,20250321,1
13,20250328,1
13,20250404,1
13,20250411,1
13,20250418,1
13,20250425,1
13,20250502,1
13,20250509,1
13,20250516,1
13,20250523,1
13,20250530,1
13,20250606,1
13,20250613,1
14,20241108,1
14,20241115,1
14,20241122,1
14,20241129,1
14,20241206,1
14,20241213,1
15,20241104,1
15,20241105,1
15,20241106,1
15,20241107,1
15,20241108,1
15,20241111,1
15,20241112,1
15,20241113,1
15,20241114,1
15,20241115,1
15,20241118,1
15,20241119,1
15,20241120,1
15,20241121,1
15,20241122,1
15,20241125,1
15,20241126,1
15,20241127,1
15,20241128,1
15,20241129,1
15,20241202,1
15,20241203,1
15,20241204,1
15,20241205,1
15,20241206,1
15,20241209,1
15,20241210,1
15,20241211,1
15,20241212,1
15,20241213,1
15,20241216,1
15,20241217,1
15,20241218,1
15,20241219,1
15,20241220,1
15,20241223,1
15,20241227,1
15,20241230,1
15,20250101,1
15,20250102,1
15,20250103,1
15,20250106,1
15,20250107,1
15,20250108,1
15,20250109,1
15,20250110,1
15,20250113,1
15,20250114,1
15,20250115,1
15,20250116,1
15,20250117,1
15,20250120,1
15,20250121,1
15,20250122,1
15,20250123,1
15,20250124,1
15,20250127,1
15,20250128,1
15,20250129,1
15,20250130,1
15,20250131,1
15,20250203,1
15,20250204,1
15,20250205,1
15,20250206,1
15,20250207,1
15,20250210,1
15,20250211,1
15,20250212,1
15,20250213,1
15,20250214,1
15,20250217,1
15,20250218,1
15,20250219,1
15,20250220,1
15,20250221,1
15,20250224,1
15,20250225,1
15,20250226,1
15,20250227,1
15,20250228,1
15,20250303,1
15,20250304,1
15,20250305,1
15,20250306,1
15,20250307,1
15,20250310,1
15,20250311,1
15,20250312,1
15,20250313,1
15,20250314,1
15,20250317,1
15,20250318,1
15,20250319,1
15,20250320,1
15,20250321,1
15,20250324,1
15,20250325,1
15,20250326,1
15,20250327,1
15,20250328,1
15,20250331,1
15,20250401,1
15,20250402,1
15,20250403,1
15,20250404,1
15,20250407,1
15,20250408,1
15,20250409,1
15,20250410,1
15,20250411,1
15,20250414,1
15,20250415,1
15,20250416,1
15,20250417,1
15,20250418,1
15,20250421,1
15,20250422,1
15,20250423,1
15,20250424,1
15,20250425,1
15,20250428,1
15,20250429,1
15,20250430,1
15,20250501,1
15,20250502,1
15,20250505,1
15,20250506,1
15,20250507,1
15,20250508,1
15,20250509,1
15,20250512,1
15,20250513,1
15,20250514,1
15,20250515,1
15,20250516,1
15,20250519,1
15,20250520,1
15,20250521,1
15,20250522,1
15,20250523,1
15,20250526,1
15,20250527,1
15,20250528,1
15,20250529,1
15,20250530,1
15,20250602,1
15,20250603,1
15,20250604,1
15,20250605,1
15,20250606,1
15,20250609,1
15,20250610,1
15,20250611,1
15,20250612,1
15,20250613,1
16,20241225,1
17,20241216,1
17,20241217,1
17,20241218,1
17,20241219,1
17,20241220,1
17,20250101,1
17,20250106,1
17,20250107,1
17,20250108,1
17,20250109,1
17,20250110,1
17,20250113,1
17,20250114,1
17,20250115,1
17,20250116,1
17,20250117,1
17,20250120,1
17,20250121,1
17,20250122,1
17,20250123,1
17,20250124,1
17,20250127,1
17,20250128,1
17,20250129,1
17,20250130,1
17,20250131,1
17,20250203,1
17,20250204,1
17,20250205,1
17,20250206,1
17,20250207,1
17,20250210,1
17,20250211,1
17,20250212,1
17,20250213,1
17,20250214,1
17,20250224,1
17,20250225,1
17,20250226,1
17,20250227,1
17,20250228,1
17,20250303,1
17,20250304,1
17,20250305,1
17,20250306,1
17,20250307,1
17,20250310,1
17,20250311,1
17,20250312,1
17,20250313,1
17,20250314,1
17,20250317,1
17,20250318,1
17,20250319,1
17,20250320,1
17,20250321,1
17,20250324,1
17,20250325,1
17,20250326,1
17,20250327,1
17,20250328,1
17,20250331,1
17,20250401,1
17,20250402,1
17,20250403,1
17,20250404,1
17,20250407,1
17,20250408,1
17,20250409,1
17,20250410,1
17,20250411,1
17,20250418,1
17,20250421,1
17,20250422,1
17,20250423,1
17,20250424,1
17,20250425,1
17,20250428,1
17,20250429,1
17,20250430,1
17,20250501,1
17,20250505,1
17,20250506,1
17,20250507,1
17,20250508,1
17,20250509,1
17,20250512,1
17,20250513,1
17,20250514,1
17,20250515,1
17,20250516,1
17,20250519,1
17,20250520,1
17,20250521,1
17,20250522,1
17,20250523,1
17,20250526,1
17,20250527,1
17,20250528,1
17,20250529,1
17,20250602,1
17,20250603,1
17,20250604,1
17,20250605,1
17,20250606,1
17,20250609,1
17,20250610,1
17,20250611,1
17,20250612,1
17,20250613,1
18,20241215,1
18,20241216,1
18,20241217,1
18,20241218,1
18,20241219,1
18,20241220,1
18,20241221,1
18,20241222,1
18,20241223,1
18,20241224,1
18,20241225,1
18,20241226,1
18,20241227,1
18,20241228,1
18,20241229,1
18,20241230,1
18,20241231,1
18,20250101,1
18,20250102,1
18,20250103,1
18,20250104,1
18,20250105,1
18,20250106,1
18,20250107,1
18,20250108,1
18,20250109,1
18,20250110,1
18,20250111,1
18,20250112,1
18,20250113,1
18,20250114,1
18,20250115,1
18,20250116,1
18,20250117,1
18,20250118,1
18,20250119,1
18,20250120,1
18,20250121,1
18,20250122,1
18,20250123,1
18,20250124,1
18,20250125,1
18,20250126,1
18,20250127,1
18,20250128,1
18,20250129,1
18,20250130,1
18,20250131,1
18,20250201,1
18,20250202,1
18,20250203,1
18,20250204,1
18,20250205,1
18,20250206,1
18,20250207,1
18,20250208,1
18,20250209,1
18,20250210,1
18,20250211,1
18,20250212,1
18,20250213,1
18,20250214,1
18,20250215,1
18,20250216,1
18,20250217,1
18,20250218,1
18,20250219,1
18,20250220,1
18,20250221,1
18,20250222,1
18,20250223,1
18,20250224,1
18,20250225,1
18,20250226,1
18,20250227,1
18,20250228,1
18,20250301,1
18,20250302,1
18,20250303,1
18,20250304,1
18,20250305,1
18,20250306,1
18,20250307,1
18,20250308,1
18,20250309,1
18,20250310,1
18,20250311,1
18,20250312,1
18,20250313,1
18,20250314,1
18,20250315,1
18,20250316,1
18,20250317,1
18,20250318,1
18,20250319,1
18,20250320,1
18,20250321,1
18,20250322,1
18,20250323,1
18,20250324,1
18,20250325,1
18,20250326,1
18,20250327,1
18,20250328,1
18,20250329,1
18,20250330,1
18,20250331,1
18,20250401,1
18,20250402,1
18,20250403,1
18,20250404,1
18,20250405,1
18,20250406,1
18,20250407,1
18,20250408,1
18,20250409,1
18,20250410,1
18,20250411,1
18,20250412,1
18,20250413,1
18,20250414,1
18,20250415,1
18,20250416,1
18,20250417,1
18,20250418,1
18,20250419,1
18,20250420,1
18,20250421,1
18,20250422,1
18,20250423,1
18,20250424,1
18,20250425,1
18,20250426,1
18,20250427,1
18,20250428,1
18,20250429,1
18,20250430,1
18,20250501,1
18,20250502,1
18,20250503,1
18,20250504,1
18,20250505,1
18,20250506,1
18,20250507,1
18,20250508,1
18,20250509,1
18,20250510,1
18,20250511,1
18,20250512,1
18,20250513,1
18,20250514,1
18,20250515,1
18,20250516,1
18,20250517,1
18,20250518,1
18,20250519,1
18,20250520,1
18,20250521,1
18,20250522,1
18,20250523,1
18,20250524,1
18,20250525,1
18,20250526,1
18,20250527,1
18,20250528,1
18,20250529,1
18,20250530,1
18,20250531,1
18,20250601,1
18,20250602,1
18,20250603,1
18,20250604,1
18,20250605,1
18,20250606,1
18,20250607,1
18,20250608,1
18,20250609,1
18,20250610,1
18,20250611,1
18,20250612,1
18,20250613,1
18,20250614,1
18,20250615,1
19,20241215,1
19,20241216,1
19,20241217,1
19,20241218,1
19,20241219,1
19,20241220,1
19,20241222,1
19,20241223,1
19,20241224,1
19,20241225,1
19,20241226,1
19,20241227,1
19,20241229,1
19,20241230,1
19,20250101,1
19,20250102,1
19,20250103,1
19,20250105,1
19,20250106,1
19,20250107,1
19,20250108,1
19,20250109,1
19,20250110,1
19,20250112,1
19,20250113,1
19,20250114,1
19,20250115,1
19,20250116,1
19,20250117,1
19,20250119,1
19,20250120,1
19,20250121,1
19,20250122,1
19,20250123,1
19,20250124,1
19,20250126,1
19,20250127,1
19,20250128,1
19,20250129,1
19,20250130,1
19,20250131,1
19,20250202,1
19,20250203,1
19,20250204,1
19,20250205,1
19,20250206,1
19,20250207,1
19,20250209,1
19,20250210,1
19,20250211,1
19,20250212,1
19,20250213,1
19,20250214,1
19,20250216,1
19,20250217,1
19,20250218,1
19,20250219,1
19,20250220,1
19,20250221,1
19,20250223,1
19,20250224,1
19,20250225,1
19,20250226,1
19,20250227,1
19,20250228,1
19,20250302,1
19,20250303,1
19,20250304,1
19,20250305,1
19,20250306,1
19,20250307,1
19,20250309,1
19,20250310,1
19,20250311,1
19,20250312,1
19,20250313,1
19,20250314,1
19,20250316,1
19,20250317,1
19,20250318,1
19,20250319,1
19,20250320,1
19,20250321,1
19,20250323,1
19,20250324,1
19,20250325,1
19,20250326,1
19,20250327,1
19,20250328,1
19,20250330,1
19,20250331,1
19,20250401,1
19,20250402,1
19,20250403,1
19,20250404,1
19,20250406,1
19,20250407,1
19,20250408,1
19,20250409,1
19,20250410,1
19,20250411,1
19,20250413,1
19,20250414,1
19,20250415,1
19,20250416,1
19,20250417,1
19,20250418,1
19,20250420,1
19,20250421,1
19,20250422,1
19,20250423,1
19,20250424,1
19,20250425,1
19,20250427,1
19,20250428,1
19,20250429,1
19,20250430,1
19,20250501,1
19,20250502,1
19,20250504,1
19,20250505,1
19,20250506,1
19,20250507,1
19,20250508,1
19,20250509,1
19,20250511,1
19,20250512,1
19,20250513,1
19,20250514,1
19,20250515,1
19,20250516,1
19,20250518,1
19,20250519,1
19,20250520,1
19,20250521,1
19,20250522,1
19,20250523,1
19,20250525,1
19,20250526,1
19,20250527,1
19,20250528,1
19,20250529,1
19,20250530,1
19,20250601,1
19,20250602,1
19,20250603,1
19,20250604,1
19,20250605,1
19,20250606,1
19,20250608,1
19,20250609,1
19,20250610,1
19,20250611,1
19,20250612,1
19,20250613,1
19,20250615,1
20,20241216,1
20,20241217,1
20,20241218,1
20,20241219,1
20,20241220,1
20,20241221,1
20,20241223,1
20,20241227,1
20,20241228,1
20,20241230,1
20,20241231,1
20,20250101,1
20,20250102,1
20,20250103,1
20,20250104,1
20,20250106,1
20,20250107,1
20,20250108,1
20,20250109,1
20,20250110,1
20,20250111,1
20,20250113,1
20,20250114,1
20,20250115,1
20,20250116,1
20,20250117,1
20,20250118,1
20,20250120,1
20,20250121,1
20,20250122,1
20,20250123,1
20,20250124,1
20,20250125,1
20,20250127,1
20,20250128,1
20,20250129,1
20,20250130,1
20,20250131,1
20,20250201,1
20,20250203,1
20,20250204,1
20,20250205,1
20,20250206,1
20,20250207,1
20,20250208,1
20,20250210,1
20,20250211,1
20,20250212,1
20,20250213,1
20,20250214,1
20,20250215,1
20,20250217,1
20,20250218,1
20,20250219,1
20,20250220,1
20,20250221,1
20,20250222,1
20,20250224,1
20,20250225,1
20,20250226,1
20,20250227,1
20,20250228,1
20,20250301,1
20,20250303,1
20,20250304,1
20,20250305,1
20,20250306,1
20,20250307,1
20,20250308,1
20,20250310,1
20,20250311,1
20,20250312,1
20,20250313,1
20,20250314,1
20,20250315,1
20,20250317,1
20,20250318,1
20,20250319,1
20,20250320,1
20,20250321,1
20,20250322,1
20,20250324,1
20,20250325,1
20,20250326,1
20,20250327,1
20,20250328,1
20,20250329,1
20,20250331,1
20,20250401,1
20,20250402,1
20,20250403,1
20,20250404,1
20,20250405,1
20,20250407,1
20,20250408,1
20,20250409,1
20,20250410,1
20,20250411,1
20,20250412,1
20,20250414,1
20,20250415,1
20,20250416,1
20,20250417,1
20,20250418,1
20,20250419,1
20,20250421,1
20,20250422,1
20,20250423,1
20,20250424,1
20,20250425,1
20,20250426,1
20,20250428,1
20,20250429,1
20,20250430,1
20,20250501,1
20,20250502,1
20,20250503,1
20,20250505,1
20,20250506,1
20,20250507,1
20,20250508,1
20,20250509,1
20,20250510,1
20,20250512,1
20,20250513,1
20,20250514,1
20,20250515,1
20,20250516,1
20,20250517,1
20,20250519,1
20,20250520,1
20,20250521,1
20,20250522,1
20,20250523,1
20,20250524,1
20,20250526,1
20,20250527,1
20,20250528,1
20,20250529,1
20,20250530,1
20,20250531,1
20,20250602,1
20,20250603,1
20,20250604,1
20,20250605,1
20,20250606,1
20,20250607,1
20,20250609,1
20,20250610,1
20,20250611,1
20,20250612,1
20,20250613,1
20,20250614,1
21,20241220,1
21,20241221,1
21,20241227,1
21,20241228,1
21,20241231,1
21,20250103,1
21,20250104,1
21,20250110,1
21,20250111,1
21,20250117,1
21,20250118,1
21,20250124,1
21,20250125,1
21,20250131,1
21,20250201,1
21,20250207,1
21,20250208,1
21,20250214,1
21,20250215,1
21,20250221,1
21,20250222,1
21,20250228,1
21,20250301,1
21,20250307,1
21,20250308,1
21,20250314,1
21,20250315,1
21,20250321,1
21,20250322,1
21,20250328,1
21,20250329,1
21,20250404,1
21,20250405,1
21,20250411,1
21,20250412,1
21,20250418,1
21,20250419,1
21,20250425,1
21,20250426,1
21,20250502,1
21,20250503,1
21,20250509,1
21,20250510,1
21,20250516,1
21,20250517,1
21,20250523,1
21,20250524,1
21,20250530,1
21,20250531,1
21,20250606,1
21,20250607,1
21,20250613,1
21,20250614,1
22,20241109,1
22,20241110,1
22,20241116,1
22,20241117,1
22,20241123,1
22,20241124,1
22,20241130,1
22,20241201,1
22,20241207,1
22,20241208,1
22,20241214,1
22,20241215,1
22,20241221,1
22,20241222,1
22,20241224,1
22,20241225,1
22,20241226,1
22,20241228,1
22,20241229,1
22,20241231,1
22,20250104,1
22,20250105,1
22,20250111,1
22,20250112,1
22,20250118,1
22,20250119,1
22,20250125,1
22,20250126,1
22,20250201,1
22,20250202,1
22,20250208,1
22,20250209,1
22,20250215,1
22,20250216,1
22,20250222,1
22,20250223,1
22,20250301,1
22,20250302,1
22,20250308,1
22,20250309,1
22,20250315,1
22,20250316,1
22,20250322,1
22,20250323,1
22,20250329,1
22,20250330,1
22,20250405,1
22,20250406,1
22,20250412,1
22,20250413,1
22,20250419,1
22,20250420,1
22,20250426,1
22,20250427,1
22,20250503,1
22,20250504,1
22,20250510,1
22,20250511,1
22,20250517,1
22,20250518,1
22,20250524,1
22,20250525,1
22,20250531,1
22,20250601,1
22,20250607,1
22,20250608,1
22,20250614,1
22,20250615,1
23,20241109,1
23,20241116,1
23,20241123,1
23,20241130,1
23,20241207,1
23,20241214,1
23,20241221,1
23,20241228,1
23,20241231,1
23,20250104,1
23,20250111,1
23,20250118,1
23,20250125,1
23,20250201,1
23,20250208,1
23,20250215,1
23,20250222,1
23,20250301,1
23,20250308,1
23,20250315,1
23,20250322,1
23,20250329,1
23,20250405,1
23,20250412,1
23,20250419,1
23,20250426,1
23,20250503,1
23,20250510,1
23,20250517,1
23,20250524,1
23,20250531,1
23,20250607,1
23,20250614,1
24,20241110,1
24,20241117,1
24,20241124,1
24,20241201,1
24,20241208,1
24,20241215,1
24,20241222,1
24,20241224,1
24,20241225,1
24,20241226,1
24,20241229,1
24,20250105,1
24,20250112,1
24,20250119,1
24,20250126,1
24,20250202,1
24,20250209,1
24,20250216,1
24,20250223,1
24,20250302,1
24,20250309,1
24,20250316,1
24,20250323,1
24,20250330,1
24,20250406,1
24,20250413,1
24,20250420,1
24,20250427,1
24,20250504,1
24,20250511,1
24,20250518,1
24,20250525,1
24,20250601,1
24,20250608,1
24,20250615,1
25,20241104,1
25,20241105,1
25,20241106,1
25,20241107,1
25,20241108,1
25,20241109,1
25,20241110,1
25,20241111,1
25,20241112,1
25,20241113,1
25,20241114,1
25,20241115,1
25,20241116,1
25,20241117,1
25,20241118,1
25,20241119,1
25,20241120,1
25,20241121,1
25,20241122,1
25,20241123,1
25,20241124,1
25,20241125,1
25,20241126,1
25,20241127,1
25,20241128,1
25,20241129,1
25,20241130,1
25,20241201,1
25,20241202,1
25,20241203,1
25,20241204,1
25,20241205,1
25,20241206,1
25,20241207,1
25,20241208,1
25,20241209,1
25,20241210,1
25,20241211,1
25,20241212,1
25,20241213,1
25,20241214,1
25,20241215,1
25,20241216,1
25,20241217,1
25,20241218,1
25,20241219,1
25,20241220,1
25,20241221,1
25,20241222,1
25,20241223,1
25,20241224,1
25,20241225,1
25,20241226,1
25,20241227,1
25,20241228,1
25,20241229,1
25,20241230,1
25,20241231,1
25,20250101,1
25,20250102,1
25,20250103,1
25,20250104,1
25,20250105,1
25,20250106,1
25,20250107,1
25,20250108,1
25,20250109,1
25,20250110,1
25,20250111,1
25,20250112,1
25,20250113,1
25,20250114,1
25,20250115,1
25,20250116,1
25,20250117,1
25,20250118,1
25,20250119,1
25,20250120,1
25,20250121,1
25,20250122,1
25,20250123,1
25,20250124,1
25,20250125,1
25,20250126,1
25,20250127,1
25,20250128,1
25,20250129,1
25,20250130,1
25,20250131,1
25,20250201,1
25,20250202,1
25,20250203,1
25,20250204,1
25,20250205,1
25,20250206,1
25,20250207,1
25,20250208,1
25,20250209,1
25,20250210,1
25,20250211,1
25,20250212,1
25,20250213,1
25,20250214,1
25,20250215,1
25,20250216,1
25,20250217,1
25,20250218,1
25,20250219,1
25,20250220,1
25,20250221,1
25,20250222,1
25,20250223,1
25,20250224,1
25,20250225,1
25,20250226,1
25,20250227,1
25,20250228,1
25,20250301,1
25,20250302,1
25,20250303,1
25,20250304,1
25,20250305,1
25,20250306,1
25,20250307,1
25,20250308,1
25,20250309,1
25,20250310,1
25,20250311,1
25,20250312,1
25,20250313,1
25,20250314,1
25,20250315,1
25,20250316,1
25,20250317,1
25,20250318,1
25,20250319,1
25,20250320,1
25,20250321,1
25,20250322,1
25,20250323,1
25,20250324,1
25,20250325,1
25,20250326,1
25,20250327,1
25,20250328,1
25,20250329,1
25,20250330,1
25,20250331,1
25,20250401,1
25,20250402,1
25,20250403,1
25,20250404,1
25,20250405,1
25,20250406,1
25,20250407,1
25,20250408,1
25,20250409,1
25,20250410,1
25,20250411,1
25,20250412,1
25,20250413,1
25,20250414,1
25,20250415,1
25,20250416,1
25,20250417,1
25,20250418,1
25,20250419,1
25,20250420,1
25,20250421,1
25,20250422,1
25,20250423,1
25,20250424,1
25,20250425,1
25,20250426,1
25,20250427,1
25,20250428,1
25,20250429,1
25,20250430,1
25,20250501,1
25,20250502,1
25,20250503,1
25,20250504,1
25,20250505,1
25,20250506,1
25,20250507,1
25,20250508,1
25,20250509,1
25,20250510,1
25,20250511,1
25,20250512,1
25,20250513,1
25,20250514,1
25,20250515,1
25,20250516,1
25,20250517,1
25,20250518,1
25,20250519,1
25,20250520,1
25,20250521,1
25,20250522,1
25,20250523,1
25,20250524,1
25,20250525,1
25,20250526,1
25,20250527,1
25,20250528,1
25,20250529,1
25,20250530,1
25,20250531,1
25,20250601,1
25,20250602,1
25,20250603,1
25,20250604,1
25,20250605,1
25,20250606,1
25,20250607,1
25,20250608,1
25,20250609,1
25,20250610,1
25,20250611,1
25,20250612,1
25,20250613,1
25,20250614,1
25,20250615,1
26,20241104,1
26,20241105,1
26,20241106,1
26,20241107,1
26,20241108,1
26,20241109,1
26,20241111,1
26,20241112,1
26,20241113,1
26,20241114,1
26,20241115,1
26,20241116,1
26,20241118,1
26,20241119,1
26,20241120,1
26,20241121,1
26,20241122,1
26,20241123,1
26,20241125,1
26,20241126,1
26,20241127,1
26,20241128,1
26,20241129,1
26,20241130,1
26,20241202,1
26,20241203,1
26,20241204,1
26,20241205,1
26,20241206,1
26,20241207,1
26,20241209,1
26,20241210,1
26,20241211,1
26,20241212,1
26,20241213,1
26,20241214,1
26,20241216,1
26,20241217,1
26,20241218,1
26,20241219,1
26,20241220,1
26,20241221,1
26,20241223,1
26,20241227,1
26,20241228,1
26,20241230,1
26,20241231,1
26,20250101,1
26,20250102,1
26,20250103,1
26,20250104,1
26,20250106,1
26,20250107,1
26,20250108,1
26,20250109,1
26,20250110,1
26,20250111,1
26,20250113,1
26,20250114,1
26,20250115,1
26,20250116,1
26,20250117,1
26,20250118,1
26,20250120,1
26,20250121,1
26,20250122,1
26,20250123,1
26,20250124,1
26,20250125,1
26,20250127,1
26,20250128,1
26,20250129,1
26,20250130,1
26,20250131,1
26,20250201,1
26,20250203,1
26,20250204,1
26,20250205,1
26,20250206,1
26,20250207,1
26,20250208,1
26,20250210,1
26,20250211,1
26,20250212,1
26,20250213,1
26,20250214,1
26,20250215,1
26,20250217,1
26,20250218,1
26,20250219,1
26,20250220,1
26,20250221,1
26,20250222,1
26,20250224,1
26,20250225,1
26,20250226,1
26,20250227,1
26,20250228,1
26,20250301,1
26,20250303,1
26,20250304,1
26,20250305,1
26,20250306,1
26,20250307,1
26,20250308,1
26,20250310,1
26,20250311,1
26,20250312,1
26,20250313,1
26,20250314,1
26,20250315,1
26,20250317,1
26,20250318,1
26,20250319,1
26,20250320,1
26,20250321,1
26,20250322,1
26,20250324,1
26,20250325,1
26,20250326,1
26,20250327,1
26,20250328,1
26,20250329,1
26,20250331,1
26,20250401,1
26,20250402,1
26,20250403,1
26,20250404,1
26,20250405,1
26,20250407,1
26,20250408,1
26,20250409,1
26,20250410,1
26,20250411,1
26,20250412,1
26,20250414,1
26,20250415,1
26,20250416,1
26,20250417,1
26,20250418,1
26,20250419,1
26,20250421,1
26,20250422,1
26,20250423,1
26,20250424,1
26,20250425,1
26,20250426,1
26,20250428,1
26,20250429,1
26,20250430,1
26,20250501,1
26,20250502,1
26,20250503,1
26,20250505,1
26,20250506,1
26,20250507,1
26,20250508,1
26,20250509,1
26,20250510,1
26,20250512,1
26,20250513,1
26,20250514,1
26,20250515,1
26,20250516,1
26,20250517,1
26,20250519,1
26,20250520,1
26,20250521,1
26,20250522,1
26,20250523,1
26,20250524,1
26,20250526,1
26,20250527,1
26,20250528,1
26,20250529,1
26,20250530,1
26,20250531,1
26,20250602,1
26,20250603,1
26,20250604,1
26,20250605,1
26,20250606,1
26,20250607,1
26,20250609,1
26,20250610,1
26,20250611,1
26,20250612,1
26,20250613,1
26,20250614,1
27,20241104,1
27,20241105,1
27,20241106,1
27,20241107,1
27,20241108,1
27,20241109,1
27,20241111,1
27,20241112,1
27,20241113,1
27,20241114,1
27,20241115,1
27,20241116,1
27,20241118,1
27,20241119,1
27,20241120,1
27,20241121,1
27,20241122,1
27,20241123,1
27,20241125,1
27,20241126,1
27,20241127,1
27,20241128,1
27,20241129,1
27,20241130,1
27,20241202,1
27,20241203,1
27,20241204,1
27,20241205,1
27,20241206,1
27,20241207,1
27,20241209,1
27,20241210,1
27,20241211,1
27,20241212,1
27,20241213,1
27,20241214,1
27,20241216,1
27,20241217,1
27,20241218,1
27,20241219,1
27,20241220,1
27,20241223,1
27,20241227,1
27,20241230,1
27,20250101,1
27,20250102,1
27,20250103,1
27,20250106,1
27,20250107,1
27,20250108,1
27,20250109,1
27,20250110,1
27,20250113,1
27,20250114,1
27,20250115,1
27,20250116,1
27,20250117,1
27,20250120,1
27,20250121,1
27,20250122,1
27,20250123,1
27,20250124,1
27,20250127,1
27,20250128,1
27,20250129,1
27,20250130,1
27,20250131,1
27,20250203,1
27,20250204,1
27,20250205,1
27,20250206,1
27,20250207,1
27,20250210,1
27,20250211,1
27,20250212,1
27,20250213,1
27,20250214,1
27,20250217,1
27,20250218,1
27,20250219,1
27,20250220,1
27,20250221,1
27,20250224,1
27,20250225,1
27,20250226,1
27,20250227,1
27,20250228,1
27,20250303,1
27,20250304,1
27,20250305,1
27,20250306,1
27,20250307,1
27,20250310,1
27,20250311,1
27,20250312,1
27,20250313,1
27,20250314,1
27,20250317,1
27,20250318,1
27,20250319,1
27,20250320,1
27,20250321,1
27,20250324,1
27,20250325,1
27,20250326,1
27,20250327,1
27,20250328,1
27,20250331,1
27,20250401,1
27,20250402,1
27,20250403,1
27,20250404,1
27,20250407,1
27,20250408,1
27,20250409,1
27,20250410,1
27,20250411,1
27,20250414,1
27,20250415,1
27,20250416,1
27,20250417,1
27,20250418,1
27,20250421,1
27,20250422,1
27,20250423,1
27,20250424,1
27,20250425,1
27,20250428,1
27,20250429,1
27,20250430,1
27,20250501,1
27,20250502,1
27,20250505,1
27,20250506,1
27,20250507,1
27,20250508,1
27,20250509,1
27,20250512,1
27,20250513,1
27,20250514,1
27,20250515,1
27,20250516,1
27,20250519,1
27,20250520,1
27,20250521,1
27,20250522,1
27,20250523,1
27,20250526,1
27,20250527,1
27,20250528,1
27,20250529,1
27,20250530,1
27,20250602,1
27,20250603,1
27,20250604,1
27,20250605,1
27,20250606,1
27,20250609,1
27,20250610,1
27,20250611,1
27,20250612,1
27,20250613,1
28,20241123,1
28,20241130,1
28,20241207,1
28,20241214,1
29,20241108,1
29,20241115,1
29,20241122,1
29,20241129,1
29,20241206,1
29,20241213,1
29,20241220,1
29,20241227,1
29,20250103,1
29,20250110,1
29,20250117,1
29,20250124,1
29,20250131,1
29,20250207,1
29,20250214,1
29,20250221,1
29,20250228,1
29,20250307,1
29,20250314,1
29,20250321,1
29,20250328,1
29,20250404,1
29,20250411,1
29,20250418,1
29,20250425,1
29,20250502,1
29,20250509,1
29,20250516,1
29,20250523,1
29,20250530,1
29,20250606,1
29,20250613,1
30,20241110,1
30,20241116,1
30,20241117,1
30,20241123,1
30,20241124,1
30,20241130,1
30,20241201,1
30,20241207,1
30,20241208,1
30,20241214,1
31,20241109,1
31,20241110,1
31,20241116,1
31,20241117,1
31,20241123,1
31,20241124,1
31,20241130,1
31,20241201,1
31,20241207,1
31,20241208,1
31,20241214,1
31,20241215,1
31,20241222,1
31,20241224,1
31,20241225,1
31,20241226,1
31,20241229,1
31,20250105,1
31,20250112,1
31,20250119,1
31,20250126,1
31,20250202,1
31,20250209,1
31,20250216,1
31,20250223,1
31,20250302,1
31,20250309,1
31,20250316,1
31,20250323,1
31,20250330,1
31,20250406,1
31,20250413,1
31,20250420,1
31,20250427,1
31,20250504,1
31,20250511,1
31,20250518,1
31,20250525,1
31,20250601,1
31,20250608,1
31,20250615,1
32,20241116,1
32,20241123,1
32,20241130,1
32,20241207,1
32,20241214,1
32,20241225,1
33,20241108,1
33,20241115,1
33,20241116,1
33,20241122,1
33,20241123,1
33,20241129,1
33,20241130,1
33,20241206,1
33,20241207,1
33,20241213,1
33,20241214,1
34,20241109,1
35,20241104,1
35,20241105,1
35,20241106,1
35,20241107,1
35,20241108,1
35,20241109,1
35,20241110,1
35,20241111,1
35,20241112,1
35,20241113,1
35,20241114,1
35,20241115,1
35,20241116,1
35,20241117,1
35,20241118,1
35,20241119,1
35,20241120,1
35,20241121,1
35,20241122,1
35,20241123,1
35,20241124,1
35,20241125,1
35,20241126,1
35,20241127,1
35,20241128,1
35,20241129,1
35,20241130,1
35,20241201,1
35,20241202,1
35,20241203,1
35,20241204,1
35,20241205,1
35,20241206,1
35,20241207,1
35,20241208,1
35,20241209,1
35,20241210,1
35,20241211,1
35,20241212,1
35,20241213,1
35,20241214,1
35,20241215,1
35,20241216,1
35,20241217,1
35,20241218,1
35,20241219,1
35,20241220,1
35,20241222,1
35,20241223,1
35,20241224,1
35,20241225,1
35,20241226,1
35,20241227,1
35,20241229,1
35,20241230,1
35,20250101,1
35,20250102,1
35,20250103,1
35,20250105,1
35,20250106,1
35,20250107,1
35,20250108,1
35,20250109,1
35,20250110,1
35,20250112,1
35,20250113,1
35,20250114,1
35,20250115,1
35,20250116,1
35,20250117,1
35,20250119,1
35,20250120,1
35,20250121,1
35,20250122,1
35,20250123,1
35,20250124,1
35,20250126,1
35,20250127,1
35,20250128,1
35,20250129,1
35,20250130,1
35,20250131,1
35,20250202,1
35,20250203,1
35,20250204,1
35,20250205,1
35,20250206,1
35,20250207,1
35,20250209,1
35,20250210,1
35,20250211,1
35,20250212,1
35,20250213,1
35,20250214,1
35,20250216,1
35,20250217,1
35,20250218,1
35,20250219,1
35,20250220,1
35,20250221,1
35,20250223,1
35,20250224,1
35,20250225,1
35,20250226,1
35,20250227,1
35,20250228,1
35,20250302,1
35,20250303,1
35,20250304,1
35,20250305,1
35,20250306,1
35,20250307,1
35,20250309,1
35,20250310,1
35,20250311,1
35,20250312,1
35,20250313,1
35,20250314,1
35,20250316,1
35,20250317,1
35,20250318,1
35,20250319,1
35,20250320,1
35,20250321,1
35,20250323,1
35,20250324,1
35,20250325,1
35,20250326,1
35,20250327,1
35,20250328,1
35,20250330,1
35,20250331,1
35,20250401,1
35,20250402,1
35,20250403,1
35,20250404,1
35,20250406,1
35,20250407,1
35,20250408,1
35,20250409,1
35,20250410,1
35,20250411,1
35,20250413,1
35,20250414,1
35,20250415,1
35,20250416,1
35,20250417,1
35,20250418,1
35,20250420,1
35,20250421,1
35,20250422,1
35,20250423,1
35,20250424,1
35,20250425,1
35,20250427,1
35,20250428,1
35,20250429,1
35,20250430,1
35,20250501,1
35,20250502,1
35,20250504,1
35,20250505,1
35,20250506,1
35,20250507,1
35,20250508,1
35,20250509,1
35,20250511,1
35,20250512,1
35,20250513,1
35,20250514,1
35,20250515,1
35,20250516,1
35,20250518,1
35,20250519,1
35,20250520,1
35,20250521,1
35,20250522,1
35,20250523,1
35,20250525,1
35,20250526,1
35,20250527,1
35,20250528,1
35,20250529,1
35,20250530,1
35,20250601,1
35,20250602,1
35,20250603,1
35,20250604,1
35,20250605,1
35,20250606,1
35,20250608,1
35,20250609,1
35,20250610,1
35,20250611,1
35,20250612,1
35,20250613,1
35,20250615,1
36,20241104,1
36,20241105,1
36,20241106,1
36,20241107,1
36,20241108,1
36,20241110,1
36,20241111,1
36,20241112,1
36,20241113,1
36,20241114,1
36,20241115,1
36,20241117,1
36,20241118,1
36,20241119,1
36,20241120,1
36,20241121,1
36,20241122,1
36,20241124,1
36,20241125,1
36,20241126,1
36,20241127,1
36,20241128,1
36,20241129,1
36,20241201,1
36,20241202,1
36,20241203,1
36,20241204,1
36,20241205,1
36,20241206,1
36,20241208,1
36,20241209,1
36,20241210,1
36,20241211,1
36,20241212,1
36,20241213,1
37,20241104,1
37,20241105,1
37,20241106,1
37,20241107,1
37,20241108,1
37,20241111,1
37,20241112,1
37,20241113,1
37,20241114,1
37,20241115,1
37,20241116,1
37,20241118,1
37,20241119,1
37,20241120,1
37,20241121,1
37,20241122,1
37,20241123,1
37,20241125,1
37,20241126,1
37,20241127,1
37,20241128,1
37,20241129,1
37,20241130,1
37,20241202,1
37,20241203,1
37,20241204,1
37,20241205,1
37,20241206,1
37,20241207,1
37,20241209,1
37,20241210,1
37,20241211,1
37,20241212,1
37,20241213,1
37,20241214,1
38,20241220,1
38,20241221,1
38,20241225,1
38,20241227,1
38,20241228,1
38,20241231,1
38,20250103,1
38,20250104,1
38,20250110,1
38,20250111,1
38,20250117,1
38,20250118,1
38,20250124,1
38,20250125,1
38,20250131,1
38,20250201,1
38,20250207,1
38,20250208,1
38,20250214,1
38,20250215,1
38,20250221,1
38,20250222,1
38,20250228,1
38,20250301,1
38,20250307,1
38,20250308,1
38,20250314,1
38,20250315,1
38,20250321,1
38,20250322,1
38,20250328,1
38,20250329,1
38,20250404,1
38,20250405,1
38,20250411,1
38,20250412,1
38,20250418,1
38,20250419,1
38,20250425,1
38,20250426,1
38,20250502,1
38,20250503,1
38,20250509,1
38,20250510,1
38,20250516,1
38,20250517,1
38,20250523,1
38,20250524,1
38,20250530,1
38,20250531,1
38,20250606,1
38,20250607,1
38,20250613,1
38,20250614,1
39,20241104,1
39,20241105,1
39,20241106,1
39,20241107,1
39,20241108,1
39,20241110,1
39,20241111,1
39,20241112,1
39,20241113,1
39,20241114,1
39,20241115,1
39,20241117,1
39,20241118,1
39,20241119,1
39,20241120,1
39,20241121,1
39,20241122,1
39,20241124,1
39,20241125,1
39,20241126,1
39,20241127,1
39,20241128,1
39,20241129,1
39,20241201,1
39,20241202,1
39,20241203,1
39,20241204,1
39,20241205,1
39,20241206,1
39,20241208,1
39,20241209,1
39,20241210,1
39,20241211,1
39,20241212,1
39,20241213,1
39,20241215,1
39,20241216,1
39,20241217,1
39,20241218,1
39,20241219,1
39,20241220,1
39,20241222,1
39,20241223,1
39,20241224,1
39,20241225,1
39,20241226,1
39,20241227,1
39,20241229,1
39,20241230,1
39,20250101,1
39,20250102,1
39,20250103,1
39,20250105,1
39,20250106,1
39,20250107,1
39,20250108,1
39,20250109,1
39,20250110,1
39,20250112,1
39,20250113,1
39,20250114,1
39,20250115,1
39,20250116,1
39,20250117,1
39,20250119,1
39,20250120,1
39,20250121,1
39,20250122,1
39,20250123,1
39,20250124,1
39,20250126,1
39,20250127,1
39,20250128,1
39,20250129,1
39,20250130,1
39,20250131,1
39,20250202,1
39,20250203,1
39,20250204,1
39,20250205,1
39,20250206,1
39,20250207,1
39,20250209,1
39,20250210,1
39,20250211,1
39,20250212,1
39,20250213,1
39,20250214,1
39,20250216,1
39,20250217,1
39,20250218,1
39,20250219,1
39,20250220,1
39,20250221,1
39,20250223,1
39,20250224,1
39,20250225,1
39,20250226,1
39,20250227,1
39,20250228,1
39,20250302,1
39,20250303,1
39,20250304,1
39,20250305,1
39,20250306,1
39,20250307,1
39,20250309,1
39,20250310,1
39,20250311,1
39,20250312,1
39,20250313,1
39,20250314,1
39,20250316,1
39,20250317,1
39,20250318,1
39,20250319,1
39,20250320,1
39,20250321,1
39,20250323,1
39,20250324,1
39,20250325,1
39,20250326,1
39,20250327,1
39,20250328,1
39,20250330,1
39,20250331,1
39,20250401,1
39,20250402,1
39,20250403,1
39,20250404,1
39,20250406,1
39,20250407,1
39,20250408,1
39,20250409,1
39,20250410,1
39,20250411,1
39,20250413,1
39,20250414,1
39,20250415,1
39,20250416,1
39,20250417,1
39,20250418,1
39,20250420,1
39,20250421,1
39,20250422,1
39,20250423,1
39,20250424,1
39,20250425,1
39,20250427,1
39,20250428,1
39,20250429,1
39,20250430,1
39,20250501,1
39,20250502,1
39,20250504,1
39,20250505,1
39,20250506,1
39,20250507,1
39,20250508,1
39,20250509,1
39,20250511,1
39,20250512,1
39,20250513,1
39,20250514,1
39,20250515,1
39,20250516,1
39,20250518,1
39,20250519,1
39,20250520,1
39,20250521,1
39,20250522,1
39,20250523,1
39,20250525,1
39,20250526,1
39,20250527,1
39,20250528,1
39,20250529,1
39,20250530,1
39,20250601,1
39,20250602,1
39,20250603,1
39,20250604,1
39,20250605,1
39,20250606,1
39,20250608,1
39,20250609,1
39,20250610,1
39,20250611,1
39,20250612,1
39,20250613,1
39,20250615,1
40,20241123,1
40,20241130,1
40,20241207,1
40,20241214,1
40,20241221,1
40,20241225,1
40,20241228,1
40,20241231,1
40,20250104,1
40,20250111,1
40,20250118,1
40,20250125,1
40,20250201,1
40,20250208,1
40,20250215,1
40,20250222,1
40,20250301,1
40,20250308,1
40,20250315,1
40,20250322,1
40,20250329,1
40,20250405,1
40,20250412,1
40,20250419,1
40,20250426,1
40,20250503,1
40,20250510,1
40,20250517,1
40,20250524,1
40,20250531,1
40,20250607,1
40,20250614,1
41,20241109,1
41,20241116,1
41,20241123,1
41,20241130,1
41,20241207,1
41,20241214,1
41,20241215,1
41,20241222,1
41,20241224,1
41,20241225,1
41,20241226,1
41,20241229,1
41,20250105,1
41,20250112,1
41,20250119,1
41,20250126,1
41,20250202,1
41,20250209,1
41,20250216,1
41,20250223,1
41,20250302,1
41,20250309,1
41,20250316,1
41,20250323,1
41,20250330,1
41,20250406,1
41,20250413,1
41,20250420,1
41,20250427,1
41,20250504,1
41,20250511,1
41,20250518,1
41,20250525,1
41,20250601,1
41,20250608,1
41,20250615,1
42,20241110,1
42,20241117,1
42,20241124,1
42,20241201,1
42,20241208,1
42,20241215,1
42,20241221,1
42,20241222,1
42,20241224,1
42,20241225,1
42,20241226,1
42,20241228,1
42,20241229,1
42,20241231,1
42,20250104,1
42,20250105,1
42,20250111,1
42,20250112,1
42,20250118,1
42,20250119,1
42,20250125,1
42,20250126,1
42,20250201,1
42,20250202,1
42,20250208,1
42,20250209,1
42,20250215,1
42,20250216,1
42,20250222,1
42,20250223,1
42,20250301,1
42,20250302,1
42,20250308,1
42,20250309,1
42,20250315,1
42,20250316,1
42,20250322,1
42,20250323,1
42,20250329,1
42,20250330,1
42,20250405,1
42,20250406,1
42,20250412,1
42,20250413,1
42,20250419,1
42,20250420,1
42,20250426,1
42,20250427,1
42,20250503,1
42,20250504,1
42,20250510,1
42,20250511,1
42,20250517,1
42,20250518,1
42,20250524,1
42,20250525,1
42,20250531,1
42,20250601,1
42,20250607,1
42,20250608,1
42,20250614,1
42,20250615,1
43,20241109,1
43,20241116,1
43,20241123,1
43,20241130,1
43,20241207,1
43,20241214,1
43,20241220,1
43,20241221,1
43,20241227,1
43,20241228,1
43,20241231,1
43,20250103,1
43,20250104,1
43,20250110,1
43,20250111,1
43,20250117,1
43,20250118,1
43,20250124,1
43,20250125,1
43,20250131,1
43,20250201,1
43,20250207,1
43,20250208,1
43,20250214,1
43,20250215,1
43,20250221,1
43,20250222,1
43,20250228,1
43,20250301,1
43,20250307,1
43,20250308,1
43,20250314,1
43,20250315,1
43,20250321,1
43,20250322,1
43,20250328,1
43,20250329,1
43,20250404,1
43,20250405,1
43,20250411,1
43,20250412,1
43,20250418,1
43,20250419,1
43,20250425,1
43,20250426,1
43,20250502,1
43,20250503,1
43,20250509,1
43,20250510,1
43,20250516,1
43,20250517,1
43,20250523,1
43,20250524,1
43,20250530,1
43,20250531,1
43,20250606,1
43,20250607,1
43,20250613,1
43,20250614,1
44,20241104,1
44,20241105,1
44,20241106,1
44,20241107,1
44,20241108,1
44,20241111,1
44,20241112,1
44,20241113,1
44,20241114,1
44,20241115,1
44,20241118,1
44,20241119,1
44,20241120,1
44,20241121,1
44,20241122,1
44,20241125,1
44,20241126,1
44,20241127,1
44,20241128,1
44,20241129,1
44,20241202,1
44,20241203,1
44,20241204,1
44,20241205,1
44,20241206,1
44,20241209,1
44,20241210,1
44,20241211,1
44,20241212,1
44,20241213,1
44,20241216,1
44,20241217,1
44,20241218,1
44,20241219,1
44,20241220,1
44,20250101,1
44,20250106,1
44,20250107,1
44,20250108,1
44,20250109,1
44,20250110,1
44,20250113,1
44,20250114,1
44,20250115,1
44,20250116,1
44,20250117,1
44,20250120,1
44,20250121,1
44,20250122,1
44,20250123,1
44,20250124,1
44,20250127,1
44,20250128,1
44,20250129,1
44,20250130,1
44,20250131,1
44,20250203,1
44,20250204,1
44,20250205,1
44,20250206,1
44,20250207,1
44,20250210,1
44,20250211,1
44,20250212,1
44,20250213,1
44,20250214,1
44,20250224,1
44,20250225,1
44,20250226,1
44,20250227,1
44,20250228,1
44,20250303,1
44,20250304,1
44,20250305,1
44,20250306,1
44,20250307,1
44,20250310,1
44,20250311,1
44,20250312,1
44,20250313,1
44,20250314,1
44,20250317,1
44,20250318,1
44,20250319,1
44,20250320,1
44,20250321,1
44,20250324,1
44,20250325,1
44,20250326,1
44,20250327,1
44,20250328,1
44,20250331,1
44,20250401,1
44,20250402,1
44,20250403,1
44,20250404,1
44,20250407,1
44,20250408,1
44,20250409,1
44,20250410,1
44,20250411,1
44,20250418,1
44,20250421,1
44,20250422,1
44,20250423,1
44,20250424,1
44,20250425,1
44,20250428,1
44,20250429,1
44,20250430,1
44,20250501,1
44,20250505,1
44,20250506,1
44,20250507,1
44,20250508,1
44,20250509,1
44,20250512,1
44,20250513,1
44,20250514,1
44,20250515,1
44,20250516,1
44,20250519,1
44,20250520,1
44,20250521,1
44,20250522,1
44,20250523,1
44,20250526,1
44,20250527,1
44,20250528,1
44,20250529,1
44,20250602,1
44,20250603,1
44,20250604,1
44,20250605,1
44,20250606,1
44,20250609,1
44,20250610,1
44,20250611,1
44,20250612,1
44,20250613,1
45,20241106,1
45,20241113,1
45,20241120,1
45,20241127,1
45,20241204,1
45,20241211,1
45,20241218,1
45,20250101,1
45,20250108,1
45,20250115,1
45,20250122,1
45,20250129,1
45,20250205,1
45,20250212,1
45,20250219,1
45,20250226,1
45,20250305,1
45,20250312,1
45,20250319,1
45,20250326,1
45,20250402,1
45,20250409,1
45,20250416,1
45,20250423,1
45,20250430,1
45,20250507,1
45,20250514,1
45,20250521,1
45,20250528,1
45,20250604,1
45,20250611,1
46,20241108,1
46,20241109,1
46,20241115,1
46,20241116,1
46,20241122,1
46,20241123,1
46,20241129,1
46,20241130,1
46,20241206,1
46,20241207,1
46,20241213,1
46,20241214,1
46,20241220,1
46,20241221,1
46,20241227,1
46,20241228,1
46,20241231,1
46,20250103,1
46,20250104,1
46,20250110,1
46,20250111,1
46,20250117,1
46,20250118,1
46,20250124,1
46,20250125,1
46,20250131,1
46,20250201,1
46,20250207,1
46,20250208,1
46,20250214,1
46,20250215,1
46,20250221,1
46,20250222,1
46,20250228,1
46,20250301,1
46,20250307,1
46,20250308,1
46,20250314,1
46,20250315,1
46,20250321,1
46,20250322,1
46,20250328,1
46,20250329,1
46,20250404,1
46,20250405,1
46,20250411,1
46,20250412,1
46,20250418,1
46,20250419,1
46,20250425,1
46,20250426,1
46,20250502,1
46,20250503,1
46,20250509,1
46,20250510,1
46,20250516,1
46,20250517,1
46,20250523,1
46,20250524,1
46,20250530,1
46,20250531,1
46,20250606,1
46,20250607,1
46,20250613,1
46,20250614,1
47,20241108,1
47,20241109,1
47,20241115,1
47,20241116,1
47,20241122,1
47,20241123,1
47,20241129,1
47,20241130,1
47,20241206,1
47,20241207,1
47,20241213,1
47,20241214,1
47,20241220,1
47,20241221,1
47,20241225,1
47,20241227,1
47,20241228,1
47,20241231,1
47,20250103,1
47,20250104,1
47,20250110,1
47,20250111,1
47,20250117,1
47,20250118,1
47,20250124,1
47,20250125,1
47,20250131,1
47,20250201,1
47,20250207,1
47,20250208,1
47,20250214,1
47,20250215,1
47,20250221,1
47,20250222,1
47,20250228,1
47,20250301,1
47,20250307,1
47,20250308,1
47,20250314,1
47,20250315,1
47,20250321,1
47,20250322,1
47,20250328,1
47,20250329,1
47,20250404,1
47,20250405,1
47,20250411,1
47,20250412,1
47,20250418,1
47,20250419,1
47,20250425,1
47,20250426,1
47,20250502,1
47,20250503,1
47,20250509,1
47,20250510,1
47,20250516,1
47,20250517,1
47,20250523,1
47,20250524,1
47,20250530,1
47,20250531,1
47,20250606,1
47,20250607,1
47,20250613,1
47,20250614,1
48,20241109,1
48,20241116,1
48,20241123,1
48,20241130,1
48,20241207,1
48,20241214,1
48,20241221,1
48,20241225,1
48,20241228,1
48,20241231,1
48,20250104,1
48,20250111,1
48,20250118,1
48,20250125,1
48,20250201,1
48,20250208,1
48,20250215,1
48,20250222,1
48,20250301,1
48,20250308,1
48,20250315,1
48,20250322,1
48,20250329,1
48,20250405,1
48,20250412,1
48,20250419,1
48,20250426,1
48,20250503,1
48,20250510,1
48,20250517,1
48,20250524,1
48,20250531,1
48,20250607,1
48,20250614,1
49,20241108,1
49,20241109,1
49,20241110,1
49,20241115,1
49,20241116,1
49,20241117,1
49,20241122,1
49,20241123,1
49,20241124,1
49,20241129,1
49,20241130,1
49,20241201,1
49,20241206,1
49,20241207,1
49,20241208,1
49,20241213,1
49,20241214,1
50,20241104,1
50,20241105,1
50,20241106,1
50,20241107,1
50,20241108,1
50,20241111,1
50,20241112,1
50,20241113,1
50,20241114,1
50,20241115,1
50,20241118,1
50,20241119,1
50,20241120,1
50,20241121,1
50,20241122,1
50,20241125,1
50,20241126,1
50,20241127,1
50,20241128,1
50,20241129,1
50,20241202,1
50,20241203,1
50,20241204,1
50,20241205,1
50,20241206,1
50,20241209,1
50,20241210,1
50,20241211,1
50,20241212,1
50,20241213,1
50,20241220,1
50,20241221,1
50,20241225,1
50,20241227,1
50,20241228,1
50,20241231,1
50,20250103,1
50,20250104,1
50,20250110,1
50,20250111,1
50,20250117,1
50,20250118,1
50,20250124,1
50,20250125,1
50,20250131,1
50,20250201,1
50,20250207,1
50,20250208,1
50,20250214,1
50,20250215,1
50,20250221,1
50,20250222,1
50,20250228,1
50,20250301,1
50,20250307,1
50,20250308,1
50,20250314,1
50,20250315,1
50,20250321,1
50,20250322,1
50,20250328,1
50,20250329,1
50,20250404,1
50,20250405,1
50,20250411,1
50,20250412,1
50,20250418,1
50,20250419,1
50,20250425,1
50,20250426,1
50,20250502,1
50,20250503,1
50,20250509,1
50,20250510,1
50,20250516,1
50,20250517,1
50,20250523,1
50,20250524,1
50,20250530,1
50,20250531,1
50,20250606,1
50,20250607,1
50,20250613,1
50,20250614,1
51,20241216,1
51,20241217,1
51,20241218,1
51,20241219,1
51,20241220,1
51,20241221,1
51,20241223,1
51,20241225,1
51,20241227,1
51,20241228,1
51,20241230,1
51,20241231,1
51,20250101,1
51,20250102,1
51,20250103,1
51,20250104,1
51,20250106,1
51,20250107,1
51,20250108,1
51,20250109,1
51,20250110,1
51,20250111,1
51,20250113,1
51,20250114,1
51,20250115,1
51,20250116,1
51,20250117,1
51,20250118,1
51,20250120,1
51,20250121,1
51,20250122,1
51,20250123,1
51,20250124,1
51,20250125,1
51,20250127,1
51,20250128,1
51,20250129,1
51,20250130,1
51,20250131,1
51,20250201,1
51,20250203,1
51,20250204,1
51,20250205,1
51,20250206,1
51,20250207,1
51,20250208,1
51,20250210,1
51,20250211,1
51,20250212,1
51,20250213,1
51,20250214,1
51,20250215,1
51,20250217,1
51,20250218,1
51,20250219,1
51,20250220,1
51,20250221,1
51,20250222,1
51,20250224,1
51,20250225,1
51,20250226,1
51,20250227,1
51,20250228,1
51,20250301,1
51,20250303,1
51,20250304,1
51,20250305,1
51,20250306,1
51,20250307,1
51,20250308,1
51,20250310,1
51,20250311,1
51,20250312,1
51,20250313,1
51,20250314,1
51,20250315,1
51,20250317,1
51,20250318,1
51,20250319,1
51,20250320,1
51,20250321,1
51,20250322,1
51,20250324,1
51,20250325,1
51,20250326,1
51,20250327,1
51,20250328,1
51,20250329,1
51,20250331,1
51,20250401,1
51,20250402,1
51,20250403,1
51,20250404,1
51,20250405,1
51,20250407,1
51,20250408,1
51,20250409,1
51,20250410,1
51,20250411,1
51,20250412,1
51,20250414,1
51,20250415,1
51,20250416,1
51,20250417,1
51,20250418,1
51,20250419,1
51,20250421,1
51,20250422,1
51,20250423,1
51,20250424,1
51,20250425,1
51,20250426,1
51,20250428,1
51,20250429,1
51,20250430,1
51,20250501,1
51,20250502,1
51,20250503,1
51,20250505,1
51,20250506,1
51,20250507,1
51,20250508,1
51,20250509,1
51,20250510,1
51,20250512,1
51,20250513,1
51,20250514,1
51,20250515,1
51,20250516,1
51,20250517,1
51,20250519,1
51,20250520,1
51,20250521,1
51,20250522,1
51,20250523,1
51,20250524,1
51,20250526,1
51,20250527,1
51,20250528,1
51,20250529,1
51,20250530,1
51,20250531,1
51,20250602,1
51,20250603,1
51,20250604,1
51,20250605,1
51,20250606,1
51,20250607,1
51,20250609,1
51,20250610,1
51,20250611,1
51,20250612,1
51,20250613,1
51,20250614,1
52,20241104,1
52,20241105,1
52,20241106,1
52,20241107,1
52,20241108,1
52,20241109,1
52,20241110,1
52,20241111,1
52,20241112,1
52,20241113,1
52,20241114,1
52,20241115,1
52,20241116,1
52,20241117,1
52,20241118,1
52,20241119,1
52,20241120,1
52,20241121,1
52,20241122,1
52,20241123,1
52,20241124,1
52,20241125,1
52,20241126,1
52,20241127,1
52,20241128,1
52,20241129,1
52,20241130,1
52,20241201,1
52,20241202,1
52,20241203,1
52,20241204,1
52,20241205,1
52,20241206,1
52,20241207,1
52,20241208,1
52,20241209,1
52,20241210,1
52,20241211,1
52,20241212,1
52,20241213,1
52,20241214,1
52,20241215,1
52,20241221,1
52,20241222,1
52,20241224,1
52,20241225,1
52,20241226,1
52,20241228,1
52,20241229,1
52,20241231,1
52,20250104,1
52,20250105,1
52,20250111,1
52,20250112,1
52,20250118,1
52,20250119,1
52,20250125,1
52,20250126,1
52,20250201,1
52,20250202,1
52,20250208,1
52,20250209,1
52,20250215,1
52,20250216,1
52,20250222,1
52,20250223,1
52,20250301,1
52,20250302,1
52,20250308,1
52,20250309,1
52,20250315,1
52,20250316,1
52,20250322,1
52,20250323,1
52,20250329,1
52,20250330,1
52,20250405,1
52,20250406,1
52,20250412,1
52,20250413,1
52,20250419,1
52,20250420,1
52,20250426,1
52,20250427,1
52,20250503,1
52,20250504,1
52,20250510,1
52,20250511,1
52,20250517,1
52,20250518,1
52,20250524,1
52,20250525,1
52,20250531,1
52,20250601,1
52,20250607,1
52,20250608,1
52,20250614,1
52,20250615,1
53,20241109,1
53,20241116,1
53,20241123,1
53,20241130,1
53,20241207,1
53,20241214,1
53,20241215,1
53,20241221,1
53,20241222,1
53,20241224,1
53,20241225,1
53,20241226,1
53,20241228,1
53,20241229,1
53,20241231,1
53,20250104,1
53,20250105,1
53,20250111,1
53,20250112,1
53,20250118,1
53,20250119,1
53,20250125,1
53,20250126,1
53,20250201,1
53,20250202,1
53,20250208,1
53,20250209,1
53,20250215,1
53,20250216,1
53,20250222,1
53,20250223,1
53,20250301,1
53,20250302,1
53,20250308,1
53,20250309,1
53,20250315,1
53,20250316,1
53,20250322,1
53,20250323,1
53,20250329,1
53,20250330,1
53,20250405,1
53,20250406,1
53,20250412,1
53,20250413,1
53,20250419,1
53,20250420,1
53,20250426,1
53,20250427,1
53,20250503,1
53,20250504,1
53,20250510,1
53,20250511,1
53,20250517,1
53,20250518,1
53,20250524,1
53,20250525,1
53,20250531,1
53,20250601,1
53,20250607,1
53,20250608,1
53,20250614,1
53,20250615,1
54,20241223,1
54,20241227,1
54,20241230,1
54,20250101,1
54,20250102,1
54,20250103,1
54,20250106,1
54,20250217,1
54,20250218,1
54,20250219,1
54,20250220,1
54,20250221,1
54,20250414,1
54,20250415,1
54,20250416,1
54,20250417,1
54,20250418,1
54,20250421,1
54,20250501,1
54,20250502,1
54,20250529,1
54,20250530,1
54,20250606,1
55,20241104,1
55,20241105,1
55,20241106,1
55,20241107,1
55,20241108,1
55,20241109,1
55,20241110,1
55,20241111,1
55,20241112,1
55,20241113,1
55,20241114,1
55,20241115,1
55,20241116,1
55,20241117,1
55,20241118,1
55,20241119,1
55,20241120,1
55,20241121,1
55,20241122,1
55,20241123,1
55,20241124,1
55,20241125,1
55,20241126,1
55,20241127,1
55,20241128,1
55,20241129,1
55,20241130,1
55,20241201,1
55,20241202,1
55,20241203,1
55,20241204,1
55,20241205,1
55,20241206,1
55,20241207,1
55,20241208,1
55,20241209,1
55,20241210,1
55,20241211,1
55,20241212,1
55,20241213,1
55,20241214,1
55,20241215,1
55,20241222,1
55,20241224,1
55,20241225,1
55,20241226,1
55,20241229,1
55,20250105,1
55,20250112,1
55,20250119,1
55,20250126,1
55,20250202,1
55,20250209,1
55,20250216,1
55,20250223,1
55,20250302,1
55,20250309,1
55,20250316,1
55,20250323,1
55,20250330,1
55,20250406,1
55,20250413,1
55,20250420,1
55,20250427,1
55,20250504,1
55,20250511,1
55,20250518,1
55,20250525,1
55,20250601,1
55,20250608,1
55,20250615,1
56,20241220,1
56,20241225,1
56,20241227,1
56,20250103,1
56,20250110,1
56,20250117,1
56,20250124,1
56,20250131,1
56,20250207,1
56,20250214,1
56,20250221,1
56,20250228,1
56,20250307,1
56,20250314,1
56,20250321,1
56,20250328,1
56,20250404,1
56,20250411,1
56,20250418,1
56,20250425,1
56,20250502,1
56,20250509,1
56,20250516,1
56,20250523,1
56,20250530,1
56,20250606,1
56,20250613,1
57,20241104,1
57,20241105,1
57,20241106,1
57,20241107,1
57,20241108,1
57,20241109,1
57,20241111,1
57,20241112,1
57,20241113,1
57,20241114,1
57,20241115,1
57,20241116,1
57,20241118,1
57,20241119,1
57,20241120,1
57,20241121,1
57,20241122,1
57,20241123,1
57,20241125,1
57,20241126,1
57,20241127,1
57,20241128,1
57,20241129,1
57,20241130,1
57,20241202,1
57,20241203,1
57,20241204,1
57,20241205,1
57,20241206,1
57,20241207,1
57,20241209,1
57,20241210,1
57,20241211,1
57,20241212,1
57,20241213,1
57,20241214,1
57,20241221,1
57,20241228,1
57,20241231,1
57,20250104,1
57,20250111,1
57,20250118,1
57,20250125,1
57,20250201,1
57,20250208,1
57,20250215,1
57,20250222,1
57,20250301,1
57,20250308,1
57,20250315,1
57,20250322,1
57,20250329,1
57,20250405,1
57,20250412,1
57,20250419,1
57,20250426,1
57,20250503,1
57,20250510,1
57,20250517,1
57,20250524,1
57,20250531,1
57,20250607,1
57,20250614,1
58,20241108,1
58,20241115,1
58,20241122,1
58,20241129,1
58,20241206,1
58,20241213,1
58,20241220,1
58,20241225,1
58,20241227,1
58,20250103,1
58,20250110,1
58,20250117,1
58,20250124,1
58,20250131,1
58,20250207,1
58,20250214,1
58,20250221,1
58,20250228,1
58,20250307,1
58,20250314,1
58,20250321,1
58,20250328,1
58,20250404,1
58,20250411,1
58,20250418,1
58,20250425,1
58,20250502,1
58,20250509,1
58,20250516,1
58,20250523,1
58,20250530,1
58,20250606,1
58,20250613,1
59,20241216,1
59,20241217,1
59,20241218,1
59,20241219,1
59,20241220,1
59,20250101,1
59,20250106,1
59,20250107,1
59,20250108,1
59,20250109,1
59,20250110,1
59,20250113,1
59,20250114,1
59,20250115,1
59,20250116,1
59,20250117,1
59,20250120,1
59,20250121,1
59,20250122,1
59,20250123,1
59,20250124,1
59,20250127,1
59,20250128,1
59,20250129,1
59,20250130,1
59,20250131,1
59,20250203,1
59,20250204,1
59,20250205,1
59,20250206,1
59,20250207,1
59,20250217,1
59,20250218,1
59,20250219,1
59,20250220,1
59,20250221,1
59,20250224,1
59,20250225,1
59,20250226,1
59,20250227,1
59,20250228,1
59,20250303,1
59,20250304,1
59,20250305,1
59,20250306,1
59,20250307,1
59,20250310,1
59,20250311,1
59,20250312,1
59,20250313,1
59,20250314,1
59,20250317,1
59,20250318,1
59,20250319,1
59,20250320,1
59,20250321,1
59,20250324,1
59,20250325,1
59,20250326,1
59,20250327,1
59,20250328,1
59,20250331,1
59,20250401,1
59,20250402,1
59,20250403,1
59,20250404,1
59,20250407,1
59,20250408,1
59,20250409,1
59,20250410,1
59,20250411,1
59,20250418,1
59,20250421,1
59,20250422,1
59,20250423,1
59,20250424,1
59,20250425,1
59,20250428,1
59,20250429,1
59,20250430,1
59,20250501,1
59,20250505,1
59,20250506,1
59,20250507,1
59,20250508,1
59,20250509,1
59,20250512,1
59,20250513,1
59,20250514,1
59,20250515,1
59,20250516,1
59,20250519,1
59,20250520,1
59,20250521,1
59,20250522,1
59,20250523,1
59,20250526,1
59,20250527,1
59,20250528,1
59,20250529,1
59,20250602,1
59,20250603,1
59,20250604,1
59,20250605,1
59,20250606,1
59,20250609,1
59,20250610,1
59,20250611,1
59,20250612,1
59,20250613,1
60,20241104,1
60,20241105,1
60,20241106,1
60,20241107,1
60,20241111,1
60,20241112,1
60,20241113,1
60,20241114,1
60,20241118,1
60,20241119,1
60,20241120,1
60,20241121,1
60,20241125,1
60,20241126,1
60,20241127,1
60,20241128,1
60,20241202,1
60,20241203,1
60,20241204,1
60,20241205,1
60,20241209,1
60,20241210,1
60,20241211,1
60,20241212,1
61,20241216,1
61,20241217,1
61,20241218,1
61,20241219,1
61,20241223,1
61,20241230,1
61,20250101,1
61,20250102,1
61,20250106,1
61,20250107,1
61,20250108,1
61,20250109,1
61,20250113,1
61,20250114,1
61,20250115,1
61,20250116,1
61,20250120,1
61,20250121,1
61,20250122,1
61,20250123,1
61,20250127,1
61,20250128,1
61,20250129,1
61,20250130,1
61,20250203,1
61,20250204,1
61,20250205,1
61,20250206,1
61,20250210,1
61,20250211,1
61,20250212,1
61,20250213,1
61,20250217,1
61,20250218,1
61,20250219,1
61,20250220,1
61,20250224,1
61,20250225,1
61,20250226,1
61,20250227,1
61,20250303,1
61,20250304,1
61,20250305,1
61,20250306,1
61,20250310,1
61,20250311,1
61,20250312,1
61,20250313,1
61,20250317,1
61,20250318,1
61,20250319,1
61,20250320,1
61,20250324,1
61,20250325,1
61,20250326,1
61,20250327,1
61,20250331,1
61,20250401,1
61,20250402,1
61,20250403,1
61,20250407,1
61,20250408,1
61,20250409,1
61,20250410,1
61,20250414,1
61,20250415,1
61,20250416,1
61,20250417,1
61,20250421,1
61,20250422,1
61,20250423,1
61,20250424,1
61,20250428,1
61,20250429,1
61,20250430,1
61,20250501,1
61,20250505,1
61,20250506,1
61,20250507,1
61,20250508,1
61,20250512,1
61,20250513,1
61,20250514,1
61,20250515,1
61,20250519,1
61,20250520,1
61,20250521,1
61,20250522,1
61,20250526,1
61,20250527,1
61,20250528,1
61,20250529,1
61,20250602,1
61,20250603,1
61,20250604,1
61,20250605,1
61,20250609,1
61,20250610,1
61,20250611,1
61,20250612,1
62,20241104,1
62,20241105,1
62,20241106,1
62,20241108,1
62,20241111,1
62,20241112,1
62,20241113,1
62,20241115,1
62,20241118,1
62,20241119,1
62,20241120,1
62,20241122,1
62,20241125,1
62,20241126,1
62,20241127,1
62,20241129,1
62,20241202,1
62,20241203,1
62,20241204,1
62,20241206,1
62,20241209,1
62,20241210,1
62,20241211,1
62,20241213,1
63,20241216,1
63,20241217,1
63,20241218,1
63,20241220,1
63,20250101,1
63,20250106,1
63,20250107,1
63,20250108,1
63,20250110,1
63,20250113,1
63,20250114,1
63,20250115,1
63,20250117,1
63,20250120,1
63,20250121,1
63,20250122,1
63,20250124,1
63,20250127,1
63,20250128,1
63,20250129,1
63,20250131,1
63,20250203,1
63,20250204,1
63,20250205,1
63,20250207,1
63,20250210,1
63,20250211,1
63,20250212,1
63,20250214,1
63,20250224,1
63,20250225,1
63,20250226,1
63,20250228,1
63,20250303,1
63,20250304,1
63,20250305,1
63,20250307,1
63,20250310,1
63,20250311,1
63,20250312,1
63,20250314,1
63,20250317,1
63,20250318,1
63,20250319,1
63,20250321,1
63,20250324,1
63,20250325,1
63,20250326,1
63,20250328,1
63,20250331,1
63,20250401,1
63,20250402,1
63,20250404,1
63,20250407,1
63,20250408,1
63,20250409,1
63,20250411,1
63,20250418,1
63,20250421,1
63,20250422,1
63,20250423,1
63,20250425,1
63,20250428,1
63,20250429,1
63,20250430,1
63,20250505,1
63,20250506,1
63,20250507,1
63,20250509,1
63,20250512,1
63,20250513,1
63,20250514,1
63,20250516,1
63,20250519,1
63,20250520,1
63,20250521,1
63,20250523,1
63,20250526,1
63,20250527,1
63,20250528,1
63,20250602,1
63,20250603,1
63,20250604,1
63,20250606,1
63,20250609,1
63,20250610,1
63,20250611,1
63,20250613,1
64,20241223,1
64,20241227,1
64,20241230,1
64,20250101,1
64,20250103,1
64,20250106,1
64,20250217,1
64,20250219,1
64,20250221,1
64,20250414,1
64,20250416,1
64,20250418,1
64,20250421,1
64,20250502,1
64,20250530,1
64,20250606,1
65,20241104,1
65,20241106,1
65,20241108,1
65,20241111,1
65,20241113,1
65,20241115,1
65,20241118,1
65,20241120,1
65,20241122,1
65,20241125,1
65,20241127,1
65,20241129,1
65,20241202,1
65,20241204,1
65,20241206,1
65,20241209,1
65,20241211,1
65,20241213,1
66,20241216,1
66,20241218,1
66,20241220,1
66,20241223,1
66,20241227,1
66,20241230,1
66,20250101,1
66,20250103,1
66,20250106,1
66,20250108,1
66,20250110,1
66,20250113,1
66,20250115,1
66,20250117,1
66,20250120,1
66,20250122,1
66,20250124,1
66,20250127,1
66,20250129,1
66,20250131,1
66,20250203,1
66,20250205,1
66,20250207,1
66,20250210,1
66,20250212,1
66,20250214,1
66,20250217,1
66,20250219,1
66,20250221,1
66,20250224,1
66,20250226,1
66,20250228,1
66,20250303,1
66,20250305,1
66,20250307,1
66,20250310,1
66,20250312,1
66,20250314,1
66,20250317,1
66,20250319,1
66,20250321,1
66,20250324,1
66,20250326,1
66,20250328,1
66,20250331,1
66,20250402,1
66,20250404,1
66,20250407,1
66,20250409,1
66,20250411,1
66,20250414,1
66,20250416,1
66,20250418,1
66,20250421,1
66,20250423,1
66,20250425,1
66,20250428,1
66,20250430,1
66,20250502,1
66,20250505,1
66,20250507,1
66,20250509,1
66,20250512,1
66,20250514,1
66,20250516,1
66,20250519,1
66,20250521,1
66,20250523,1
66,20250526,1
66,20250528,1
66,20250530,1
66,20250602,1
66,20250604,1
66,20250606,1
66,20250609,1
66,20250611,1
66,20250613,1
67,20241216,1
67,20241217,1
67,20241218,1
67,20241220,1
67,20241223,1
67,20241227,1
67,20241230,1
67,20250101,1
67,20250103,1
67,20250106,1
67,20250107,1
67,20250108,1
67,20250110,1
67,20250113,1
67,20250114,1
67,20250115,1
67,20250117,1
67,20250120,1
67,20250121,1
67,20250122,1
67,20250124,1
67,20250127,1
67,20250128,1
67,20250129,1
67,20250131,1
67,20250203,1
67,20250204,1
67,20250205,1
67,20250207,1
67,20250210,1
67,20250211,1
67,20250212,1
67,20250214,1
67,20250217,1
67,20250218,1
67,20250219,1
67,20250221,1
67,20250224,1
67,20250225,1
67,20250226,1
67,20250228,1
67,20250303,1
67,20250304,1
67,20250305,1
67,20250307,1
67,20250310,1
67,20250311,1
67,20250312,1
67,20250314,1
67,20250317,1
67,20250318,1
67,20250319,1
67,20250321,1
67,20250324,1
67,20250325,1
67,20250326,1
67,20250328,1
67,20250331,1
67,20250401,1
67,20250402,1
67,20250404,1
67,20250407,1
67,20250408,1
67,20250409,1
67,20250411,1
67,20250414,1
67,20250415,1
67,20250416,1
67,20250418,1
67,20250421,1
67,20250422,1
67,20250423,1
67,20250425,1
67,20250428,1
67,20250429,1
67,20250430,1
67,20250502,1
67,20250505,1
67,20250506,1
67,20250507,1
67,20250509,1
67,20250512,1
67,20250513,1
67,20250514,1
67,20250516,1
67,20250519,1
67,20250520,1
67,20250521,1
67,20250523,1
67,20250526,1
67,20250527,1
67,20250528,1
67,20250530,1
67,20250602,1
67,20250603,1
67,20250604,1
67,20250606,1
67,20250609,1
67,20250610,1
67,20250611,1
67,20250613,1
68,20241116,1
